5.000000000000e+06	8.439747262351e+10	-5.614087148853e+07	3.068907622306e+10	9.744568297198e-02
5.029340951841e+06	7.831777118434e+10	-3.973656575839e+07	3.051071592561e+10	1.008240692487e-01
5.058854081972e+06	7.099098310517e+10	-4.396506646983e+07	3.104406699171e+10	1.071911953259e-01
5.088540400769e+06	6.475821331713e+10	-4.728141885566e+07	3.145256758521e+10	1.134465715068e-01
5.118400924536e+06	5.906734599785e+10	-5.121232331830e+07	3.189669399060e+10	1.203618066726e-01
5.148436675541e+06	5.394123658618e+10	-5.541000916437e+07	3.234791722221e+10	1.277660156694e-01
5.178648682050e+06	4.930979280803e+10	-5.990238894597e+07	3.281072914092e+10	1.356905886286e-01
5.209037978364e+06	4.512567331188e+10	-6.469005292128e+07	3.328255031435e+10	1.441150044688e-01
5.239605604855e+06	4.134407984606e+10	-6.978049518201e+07	3.376153638078e+10	1.530151446896e-01
5.270352607996e+06	3.792580828857e+10	-7.517956236868e+07	3.424505521730e+10	1.623485856178e-01
5.301280040405e+06	3.483593201954e+10	-8.088992124673e+07	3.472997218500e+10	1.720556529204e-01
5.332388960874e+06	3.204326867990e+10	-8.691047830254e+07	3.521263962700e+10	1.820596012404e-01
5.363680434411e+06	2.951979055270e+10	-9.323578491690e+07	3.568898431866e+10	1.922693500498e-01
5.395155532271e+06	2.724014813083e+10	-9.985580379174e+07	3.615462853332e+10	2.025838161759e-01
5.426815331997e+06	2.518127848847e+10	-1.067559083628e+08	3.660505949839e+10	2.128974733877e-01
5.458660917454e+06	2.332209960077e+10	-1.139171698326e+08	3.703583549917e+10	2.231063737378e-01
5.490693378869e+06	2.164328019819e+10	-1.213168998345e+08	3.744280914470e+10	2.331138387268e-01
5.522913812865e+06	2.012707225789e+10	-1.289294004257e+08	3.782234019024e+10	2.428351231118e-01
5.555323322502e+06	1.875719081036e+10	-1.367268457370e+08	3.817146956850e+10	2.522005943360e-01
5.587923017310e+06	1.751872558719e+10	-1.446802111109e+08	3.848803283520e+10	2.611572697381e-01
5.620714013333e+06	1.639807068771e+10	-1.527601701567e+08	3.877070300794e+10	2.696688314388e-01
5.653697433163e+06	1.538286143242e+10	-1.609378964897e+08	3.901896574381e+10	2.777144335218e-01
5.686874405980e+06	1.446191112450e+10	-1.691857283558e+08	3.923303976950e+10	2.852867046973e-01
5.720246067588e+06	1.362514384749e+10	-1.774776774532e+08	3.941376179537e+10	2.923893438795e-01
5.753813560459e+06	1.286352213585e+10	-1.857897816037e+08	3.956245418642e+10	2.990346368659e-01
5.787578033769e+06	1.216897028908e+10	-1.941003147501e+08	3.968079225171e+10	3.052411275153e-01
5.821540643435e+06	1.153429507044e+10	-2.023898759058e+08	3.977068237261e+10	3.110315808625e-01
5.855702552160e+06	1.095310592730e+10	-2.106413817735e+08	3.983415767223e+10	3.164312978747e-01
5.890064929468e+06	1.041973676416e+10	-2.188399875877e+08	3.987329384987e+10	3.214667860145e-01
5.924628951748e+06	9.929170955300e+09	-2.269729582964e+08	3.989014492623e+10	3.261647558992e-01
5.959395802290e+06	9.476970837281e+09	-2.350295087737e+08	3.988669690920e+10	3.305513975417e-01
5.994366671329e+06	9.059212477254e+09	-2.430006276108e+08	3.986483656631e+10	3.346518846650e-01
6.029542756084e+06	8.672426119360e+09	-2.508788967553e+08	3.982633228714e+10	3.384900577823e-01
6.064925260802e+06	8.313542414848e+09	-2.586583117367e+08	3.977282422724e+10	3.420882426310e-01
6.100515396792e+06	7.979844283503e+09	-2.663341139495e+08	3.970582125000e+10	3.454671678446e-01
6.136314382475e+06	7.668924140772e+09	-2.739026313934e+08	3.962670268839e+10	3.486459529543e-01
6.172323443421e+06	7.378646090083e+09	-2.813611343717e+08	3.953672331983e+10	3.516421444385e-01
6.208543812391e+06	7.107112654428e+09	-2.887077050077e+08	3.943702035662e+10	3.544717829740e-01
6.244976729381e+06	6.852635597079e+09	-2.959411208378e+08	3.932862156275e+10	3.571494895443e-01
6.281623441664e+06	6.613710390622e+09	-3.030607518346e+08	3.921245386182e+10	3.596885615350e-01
6.318485203830e+06	6.388993915433e+09	-3.100664699727e+08	3.908935199721e+10	3.621010726142e-01
6.355563277833e+06	6.177284999697e+09	-3.169585702724e+08	3.896006695238e+10	3.643979721804e-01
6.392858933033e+06	5.977507448150e+09	-3.237377022015e+08	3.882527394815e+10	3.665891816221e-01
6.430373446238e+06	5.788695243005e+09	-3.304048103204e+08	3.868557991109e+10	3.686836856836e-01
6.468108101747e+06	5.609979635959e+09	-3.369610831044e+08	3.854153036214e+10	3.706896179754e-01
6.506064191398e+06	5.440577883670e+09	-3.434079089512e+08	3.839361571165e+10	3.726143401866e-01
6.544243014608e+06	5.279783409819e+09	-3.497468384664e+08	3.824227697189e+10	3.744645149038e-01
6.582645878420e+06	5.126957204705e+09	-3.559795522111e+08	3.808791091334e+10	3.762461721729e-01
6.621274097548e+06	4.981520298150e+09	-3.621078331854e+08	3.793087470031e+10	3.779647700857e-01
6.660128994419e+06	4.842947163371e+09	-3.681335434066e+08	3.777149004597e+10	3.796252497530e-01
6.699211899221e+06	4.710759928712e+09	-3.740586040116e+08	3.761004692837e+10	3.812320850728e-01
6.738524149948e+06	4.584523290922e+09	-3.798849784249e+08	3.744680690863e+10	3.827893277113e-01
6.778067092446e+06	4.463840037962e+09	-3.856146580436e+08	3.728200608966e+10	3.843006477144e-01
6.817842080458e+06	4.348347102536e+09	-3.912496503794e+08	3.711585779382e+10	3.857693701464e-01
6.857850475671e+06	4.237712077023e+09	-3.967919688315e+08	3.694855476674e+10	3.871985081301e-01
6.898093647764e+06	4.131630132471e+09	-4.022436242889e+08	3.678027148321e+10	3.885907926678e-01
6.938572974451e+06	4.029821287803e+09	-4.076066181606e+08	3.661116587733e+10	3.899486994835e-01
6.979289841532e+06	3.932027987979e+09	-4.128829365051e+08	3.644138103886e+10	3.912744732771e-01
7.020245642940e+06	3.838012951076e+09	-4.180745452509e+08	3.627104669710e+10	3.925701495937e-01
7.061441780788e+06	3.747557251799e+09	-4.231833862789e+08	3.610028054473e+10	3.938375745694e-01
7.102879665414e+06	3.660458612521e+09	-4.282113742549e+08	3.592918942015e+10	3.950784227663e-01
7.144560715436e+06	3.576529876930e+09	-4.331603941012e+08	3.575787036406e+10	3.962942132907e-01
7.186486357793e+06	3.495597644571e+09	-4.380322990034e+08	3.558641156458e+10	3.974863243690e-01
7.228658027801e+06	3.417501047374e+09	-4.428289089003e+08	3.541489320327e+10	3.986560065359e-01
7.271077169196e+06	3.342090651806e+09	-4.475520092765e+08	3.524338811166e+10	3.998043945765e-01
7.313745234188e+06	3.269227472005e+09	-4.522033504987e+08	3.507196295915e+10	4.009325183458e-01
7.356663683507e+06	3.198782080798e+09	-4.567846471841e+08	3.490067784937e+10	4.020413125255e-01
7.399833986457e+06	3.130633810653e+09	-4.612975778710e+08	3.472958788028e+10	4.031316256079e-01
7.443257620963e+06	3.064670029122e+09	-4.657437850261e+08	3.455874313393e+10	4.042042278814e-01
7.486936073622e+06	3.000785485889e+09	-4.701248750707e+08	3.438818922052e+10	4.052598187874e-01
7.530870839756e+06	2.938881720790e+09	-4.744424186044e+08	3.421796767946e+10	4.062990335651e-01
7.575063423461e+06	2.878866527261e+09	-4.786979507299e+08	3.404811634072e+10	4.073224492968e-01
7.619515337659e+06	2.820653465164e+09	-4.828929714745e+08	3.387866965136e+10	4.083305904017e-01
7.664228104152e+06	2.764161417898e+09	-4.870289462858e+08	3.370965897067e+10	4.093239336316e-01
7.709203253671e+06	2.709314189235e+09	-4.911073065901e+08	3.354111283731e+10	4.103029126150e-01
7.754442325928e+06	2.656040135839e+09	-4.951294503987e+08	3.337305721135e+10	4.112679219910e-01
7.799946869673e+06	2.604271831889e+09	-4.990967429529e+08	3.320551569372e+10	4.122193211716e-01
7.845718442742e+06	2.553945762626e+09	-5.030105173993e+08	3.303850972553e+10	4.131574377659e-01
7.891758612116e+06	2.505002044004e+09	-5.068720754867e+08	3.287205876902e+10	4.140825706961e-01
7.938068953968e+06	2.457384165920e+09	-5.106826882774e+08	3.270618047220e+10	4.149949930339e-01
7.984651053721e+06	2.411038756793e+09	-5.144435968826e+08	3.254089081867e+10	4.158949545813e-01
8.031506506103e+06	2.365915367415e+09	-5.181560131118e+08	3.237620426365e+10	4.167826842184e-01
8.078636915199e+06	2.321966272563e+09	-5.218211204883e+08	3.221213386223e+10	4.176583920397e-01
8.126043894508e+06	2.279146287837e+09	-5.254400744059e+08	3.204869123287e+10	4.185222712989e-01
8.173729066995e+06	2.237412602128e+09	-5.290140034327e+08	3.188588722566e+10	4.193745001798e-01
8.221694065152e+06	2.196724621363e+09	-5.325440098381e+08	3.172373118792e+10	4.202152433807e-01
8.269940531049e+06	2.157043826300e+09	-5.360311701341e+08	3.156223159728e+10	4.210446536071e-01
8.318470116391e+06	2.118333639744e+09	-5.394765359258e+08	3.140139600576e+10	4.218628728823e-01
8.367284482579e+06	2.080559304319e+09	-5.428811345473e+08	3.124123111251e+10	4.226700337552e-01
8.416385300760e+06	2.043687769234e+09	-5.462459697365e+08	3.108174283049e+10	4.234662603915e-01
8.465774251888e+06	2.007687585419e+09	-5.495720222871e+08	3.092293634763e+10	4.242516695635e-01
8.515453026784e+06	1.972528808295e+09	-5.528602506866e+08	3.076481618294e+10	4.250263715447e-01
8.565423326187e+06	1.938182907526e+09	-5.561115917404e+08	3.060738623804e+10	4.257904709207e-01
8.615686860820e+06	1.904622683183e+09	-5.593269611806e+08	3.045064984461e+10	4.265440673205e-01
8.666245351442e+06	1.871822187774e+09	-5.625072542612e+08	3.029460980812e+10	4.272872560784e-01
8.717100528912e+06	1.839756653692e+09	-5.656533463371e+08	3.013926844808e+10	4.280201288292e-01
8.768254134243e+06	1.808402425642e+09	-5.687660934298e+08	2.998462763522e+10	4.287427740450e-01
8.819707918668e+06	1.777736897673e+09	-5.718463327747e+08	2.983068882564e+10	4.294552775157e-01
8.871463643695e+06	1.747738454463e+09	-5.748948833635e+08	2.967745309239e+10	4.301577227804e-01
8.923523081169e+06	1.718386416520e+09	-5.779125464661e+08	2.952492115446e+10	4.308501915125e-01
8.975888013332e+06	1.689660989011e+09	-5.809001061392e+08	2.937309340357e+10	4.315327638620e-01
9.028560232885e+06	1.661543213922e+09	-5.838583297108e+08	2.922196992873e+10	4.322055187617e-01
9.081541543049e+06	1.634014925284e+09	-5.867879682477e+08	2.907155053910e+10	4.328685341978e-01
9.134833757626e+06	1.607058707211e+09	-5.896897570140e+08	2.892183478522e+10	4.335218874500e-01
9.188438701064e+06	1.580657854568e+09	-5.925644159287e+08	2.877282197885e+10	4.341656553031e-01
9.242358208514e+06	1.554796336101e+09	-5.954126500071e+08	2.862451121128e+10	4.347999142319e-01
9.296594125897e+06	1.529458759891e+09	-5.982351497645e+08	2.847690137006e+10	4.354247405620e-01
9.351148309968e+06	1.504630340948e+09	-6.010325916452e+08	2.832999115450e+10	4.360402106078e-01
9.406022628376e+06	1.480296870813e+09	-6.038056384807e+08	2.818377909034e+10	4.366464007915e-01
9.461218959731e+06	1.456444688852e+09	-6.065549398228e+08	2.803826354231e+10	4.372433877445e-01
9.516739193665e+06	1.433060655506e+09	-6.092811317923e+08	2.789344272546e+10	4.378312483918e-01
9.572585230900e+06	1.410132128030e+09	-6.119848382837e+08	2.774931471956e+10	4.384100600243e-01
9.628758983313e+06	1.387646933871e+09	-6.146666710570e+08	2.760587747487e+10	4.389799003566e-01
9.685262373999e+06	1.365593346102e+09	-6.173272321744e+08	2.746312883959e+10	4.395408475699e-01
9.742097337336e+06	1.343960067754e+09	-6.199671099862e+08	2.732106656158e+10	4.400929803440e-01
9.799265819058e+06	1.322736214839e+09	-6.225868815121e+08	2.717968825282e+10	4.406363778864e-01
9.856769776313e+06	1.301911287315e+09	-6.251871126730e+08	2.703899147294e+10	4.411711199514e-01
9.914611177736e+06	1.281475159515e+09	-6.277683599485e+08	2.689897366638e+10	4.416972868401e-01
9.972792003513e+06	1.261418056452e+09	-6.303311686937e+08	2.675963223676e+10	4.422149594050e-01
1.003131424545e+07	1.241730545284e+09	-6.328760754421e+08	2.662096448102e+10	4.427242190382e-01
1.009017990705e+07	1.222403512461e+09	-6.354036058404e+08	2.648296767353e+10	4.432251476660e-01
1.014939100355e+07	1.203428157815e+09	-6.379142774015e+08	2.634563898735e+10	4.437178277311e-01
1.020894956203e+07	1.184795972135e+09	-6.404085971027e+08	2.620897559006e+10	4.442023421837e-01
1.026885762148e+07	1.166498733759e+09	-6.428870647433e+08	2.607297454954e+10	4.446787744609e-01
1.032911723282e+07	1.148528486399e+09	-6.453501698056e+08	2.593763294576e+10	4.451472084758e-01
1.038973045904e+07	1.130877538373e+09	-6.477983953890e+08	2.580294775847e+10	4.456077285877e-01
1.045069937520e+07	1.113538440305e+09	-6.502322142022e+08	2.566891599841e+10	4.460604195782e-01
1.051202606857e+07	1.096503987108e+09	-6.526520935185e+08	2.553553457091e+10	4.465053666010e-01
1.057371263865e+07	1.079767194638e+09	-6.550584903778e+08	2.540280043414e+10	4.469426551367e-01
1.063576119727e+07	1.063321304970e+09	-6.574518573081e+08	2.527071042834e+10	4.473723709227e-01
1.069817386864e+07	1.047159761668e+09	-6.598326366564e+08	2.513926147368e+10	4.477945998996e-01
1.076095278944e+07	1.031276218292e+09	-6.622012669633e+08	2.500845036458e+10	4.482094281452e-01
1.082410010891e+07	1.015664512038e+09	-6.645581771597e+08	2.487827398755e+10	4.486169418468e-01
1.088761798886e+07	1.000318676170e+09	-6.669037912472e+08	2.474872910488e+10	4.490172272730e-01
1.095150860383e+07	9.852329103701e+08	-6.692385281158e+08	2.461981256902e+10	4.494103707940e-01
1.101577414109e+07	9.704015939570e+08	-6.715627993733e+08	2.449152114975e+10	4.497964588885e-01
1.108041680075e+07	9.558192727334e+08	-6.738769939646e+08	2.436385169987e+10	4.501755781794e-01
1.114543879585e+07	9.414805871113e+08	-6.761816053961e+08	2.423680096550e+10	4.505478154253e-01
1.121084235239e+07	9.273803302430e+08	-6.784769995706e+08	2.411036648050e+10	4.509132574425e-01
1.127662970945e+07	9.135136631910e+08	-6.807634979815e+08	2.398454397524e+10	4.512719911085e-01
1.134280311924e+07	8.998756915804e+08	-6.830414996001e+08	2.385933043241e+10	4.516241034522e-01
1.140936484720e+07	8.864616908311e+08	-6.853113803319e+08	2.373472265063e+10	4.519696812732e-01
1.147631717205e+07	8.732670770882e+08	-6.875735098480e+08	2.361071731934e+10	4.523088111163e-01
1.154366238589e+07	8.602873821676e+08	-6.898282582575e+08	2.348731122377e+10	4.526415791470e-01
1.161140279426e+07	8.475182613486e+08	-6.920759904394e+08	2.336450113059e+10	4.529680710693e-01
1.167954071625e+07	8.349554884925e+08	-6.943170662488e+08	2.324228380327e+10	4.532883720990e-01
1.174807848453e+07	8.225949508041e+08	-6.965518399492e+08	2.312065599628e+10	4.536025669755e-01
1.181701844548e+07	8.104326451329e+08	-6.987806627758e+08	2.299961449027e+10	4.539107400025e-01
1.188636295925e+07	7.984646723077e+08	-7.010038828588e+08	2.287915605956e+10	4.542129750983e-01
1.195611439982e+07	7.866872344953e+08	-7.032218442817e+08	2.275927749612e+10	4.545093558382e-01
1.202627515512e+07	7.750966332083e+08	-7.054348876628e+08	2.263997558722e+10	4.547999654752e-01
1.209684762710e+07	7.636892647678e+08	-7.076433500034e+08	2.252124712921e+10	4.550848869343e-01
1.216783423177e+07	7.524616174262e+08	-7.098475648808e+08	2.240308892467e+10	4.553642027773e-01
1.223923739935e+07	7.414102681586e+08	-7.120478627108e+08	2.228549778343e+10	4.556379951499e-01
1.231105957431e+07	7.305318797075e+08	-7.142445709145e+08	2.216847052290e+10	4.559063457215e-01
1.238330321547e+07	7.198231977103e+08	-7.164380141076e+08	2.205200396853e+10	4.561693356270e-01
1.245597079606e+07	7.092810479615e+08	-7.186285142615e+08	2.193609495424e+10	4.564270454197e-01
1.252906480385e+07	6.989023338077e+08	-7.208163907954e+08	2.182074032306e+10	4.566795550367e-01
1.260258774120e+07	6.886840336616e+08	-7.230019606484e+08	2.170593692759e+10	4.569269437773e-01
1.267654212513e+07	6.786231986018e+08	-7.251855384097e+08	2.159168163034e+10	4.571692902903e-01
1.275093048747e+07	6.687169500511e+08	-7.273674365179e+08	2.147797130363e+10	4.574066725656e-01
1.282575537488e+07	6.589624775494e+08	-7.295479654525e+08	2.136480282959e+10	4.576391679285e-01
1.290101934897e+07	6.493570366297e+08	-7.317274338665e+08	2.125217310029e+10	4.578668530313e-01
1.297672498639e+07	6.398979467921e+08	-7.339061486669e+08	2.114007901799e+10	4.580898038450e-01
1.305287487890e+07	6.305825895550e+08	-7.360844151191e+08	2.102851749522e+10	4.583080956475e-01
1.312947163347e+07	6.214084065699e+08	-7.382625370071e+08	2.091748545464e+10	4.585218030125e-01
1.320651787238e+07	6.123728978054e+08	-7.404408168191e+08	2.080697982878e+10	4.587309997975e-01
1.328401623329e+07	6.034736198032e+08	-7.426195559087e+08	2.069699755981e+10	4.589357591332e-01
1.336196936934e+07	5.947081840021e+08	-7.447990546150e+08	2.058753559947e+10	4.591361534133e-01
1.344037994922e+07	5.860742551154e+08	-7.469796123626e+08	2.047859090912e+10	4.593322542862e-01
1.351925065731e+07	5.775695495506e+08	-7.491615277753e+08	2.037016045992e+10	4.595241326484e-01
1.359858419374e+07	5.691918338683e+08	-7.513450988151e+08	2.026224123293e+10	4.597118586378e-01
1.367838327445e+07	5.609389232897e+08	-7.535306229427e+08	2.015483021924e+10	4.598955016285e-01
1.375865063136e+07	5.528086802631e+08	-7.557183972805e+08	2.004792442000e+10	4.600751302263e-01
1.383938901241e+07	5.447990131005e+08	-7.579087187637e+08	1.994152084638e+10	4.602508122638e-01
1.392060118164e+07	5.369078746864e+08	-7.601018842783e+08	1.983561651944e+10	4.604226147964e-01
1.400228991934e+07	5.291332612498e+08	-7.622981907978e+08	1.973020846978e+10	4.605906040982e-01
1.408445802210e+07	5.214732111884e+08	-7.644979355314e+08	1.962529373710e+10	4.607548456581e-01
1.416710830293e+07	5.139258039289e+08	-7.667014160845e+08	1.952086936967e+10	4.609154041775e-01
1.425024359135e+07	5.064891588137e+08	-7.689089306175e+08	1.941693242391e+10	4.610723435678e-01
1.433386673346e+07	4.991614340084e+08	-7.711207779927e+08	1.931347996418e+10	4.612257269498e-01
1.441798059208e+07	4.919408254282e+08	-7.733372579137e+08	1.921050906275e+10	4.613756166529e-01
1.450258804685e+07	4.848255656858e+08	-7.755586710710e+08	1.910801679989e+10	4.615220742166e-01
1.458769199426e+07	4.778139230740e+08	-7.777853193032e+08	1.900600026390e+10	4.616651603908e-01
1.467329534783e+07	4.709042005917e+08	-7.800175057691e+08	1.890445655104e+10	4.618049351370e-01
1.475940103818e+07	4.640947350217e+08	-7.822555351229e+08	1.880338276520e+10	4.619414576301e-01
1.484601201312e+07	4.573838960564e+08	-7.844997136947e+08	1.870277601744e+10	4.620747862590e-01
1.493313123774e+07	4.507700854606e+08	-7.867503496749e+08	1.860263342541e+10	4.622049786287e-01
1.502076169455e+07	4.442517362600e+08	-7.890077532978e+08	1.850295211276e+10	4.623320915619e-01
1.510890638357e+07	4.378273119474e+08	-7.912722370130e+08	1.840372920871e+10	4.624561811023e-01
1.519756832240e+07	4.314953057040e+08	-7.935441156455e+08	1.830496184777e+10	4.625773025168e-01
1.528675054637e+07	4.252542396334e+08	-7.958237065635e+08	1.820664716958e+10	4.626955103003e-01
1.537645610860e+07	4.191026640114e+08	-7.981113298795e+08	1.810878231868e+10	4.628108581790e-01
1.546668808015e+07	4.130391565591e+08	-8.004073086800e+08	1.801136444419e+10	4.629233991150e-01
1.555744955008e+07	4.070623217430e+08	-8.027119692758e+08	1.791439069938e+10	4.630331853110e-01
1.564874362560e+07	4.011707901110e+08	-8.050256414236e+08	1.781785824120e+10	4.631402682142e-01
1.574057343213e+07	3.953632176623e+08	-8.073486585187e+08	1.772176422982e+10	4.632446985216e-01
1.583294211344e+07	3.896382852431e+08	-8.096813577737e+08	1.762610582824e+10	4.633465261844e-01
1.592585283176e+07	3.839946979590e+08	-8.120240804197e+08	1.753088020165e+10	4.634458004134e-01
1.601930876787e+07	3.784311845960e+08	-8.143771719538e+08	1.743608451679e+10	4.635425696842e-01
1.611331312119e+07	3.729464970457e+08	-8.167409824263e+08	1.734171594125e+10	4.636368817431e-01
1.620786910996e+07	3.675394097345e+08	-8.191158667428e+08	1.724777164284e+10	4.637287836127e-01
1.630297997127e+07	3.622087190634e+08	-8.215021849511e+08	1.715424878920e+10	4.638183215986e-01
1.639864896121e+07	3.569532428628e+08	-8.239003025097e+08	1.706114454757e+10	4.639055412955e-01
1.649487935501e+07	3.517718198725e+08	-8.263105905511e+08	1.696845608449e+10	4.639904875943e-01
1.659167444707e+07	3.466633092520e+08	-8.287334261677e+08	1.687618056535e+10	4.640732046878e-01
1.668903755115e+07	3.416265901216e+08	-8.311691927309e+08	1.678431515352e+10	4.641537360776e-01
1.678697200047e+07	3.366605611280e+08	-8.336182802375e+08	1.669285700920e+10	4.642321245803e-01
1.688548114778e+07	3.317641400202e+08	-8.360810856597e+08	1.660180328829e+10	4.643084123335e-01
1.698456836551e+07	3.269362632216e+08	-8.385580132849e+08	1.651115114144e+10	4.643826408032e-01
1.708423704591e+07	3.221758853890e+08	-8.410494750553e+08	1.642089771342e+10	4.644548507904e-01
1.718449060109e+07	3.174819789608e+08	-8.435558909284e+08	1.633104014270e+10	4.645250824393e-01
1.728533246321e+07	3.128535337099e+08	-8.460776892776e+08	1.624157556098e+10	4.645933752437e-01
1.738676608459e+07	3.082895563174e+08	-8.486153073221e+08	1.615250109262e+10	4.646597680553e-01
1.748879493776e+07	3.037890699831e+08	-8.511691915683e+08	1.606381385371e+10	4.647242990907e-01
1.759142251566e+07	2.993511140712e+08	-8.537397982511e+08	1.597551095095e+10	4.647870059380e-01
1.769465233172e+07	2.949747437819e+08	-8.563275937903e+08	1.588758948035e+10	4.648479255640e-01
1.779848792000e+07	2.906590298296e+08	-8.589330552872e+08	1.580004652574e+10	4.649070943216e-01
1.790293283528e+07	2.864030581147e+08	-8.615566710739e+08	1.571287915735e+10	4.649645479564e-01
1.800799065320e+07	2.822059293774e+08	-8.641989413030e+08	1.562608443056e+10	4.650203216147e-01
1.811366497039e+07	2.780667588350e+08	-8.668603785551e+08	1.553965938485e+10	4.650744498508e-01
1.821995940460e+07	2.739846758102e+08	-8.695415084545e+08	1.545360104314e+10	4.651269666350e-01
1.832687759477e+07	2.699588233737e+08	-8.722428702792e+08	1.536790641102e+10	4.651779053610e-01
1.843442320124e+07	2.659883580194e+08	-8.749650176382e+08	1.528257247546e+10	4.652272988532e-01
1.854259990581e+07	2.620724494106e+08	-8.777085190378e+08	1.519759620331e+10	4.652751793743e-01
1.865141141186e+07	2.582102800983e+08	-8.804739590235e+08	1.511297453763e+10	4.653215786318e-01
1.876086144455e+07	2.544010454574e+08	-8.832619376209e+08	1.502870439885e+10	4.653665277852e-01
1.887095375087e+07	2.506439528213e+08	-8.860730758163e+08	1.494478267027e+10	4.654100574536e-01
1.898169209979e+07	2.469382230232e+08	-8.889080009496e+08	1.486120623884e+10	4.654521977235e-01
1.909308028243e+07	2.432830837049e+08	-8.917673992954e+08	1.477797185470e+10	4.654929781563e-01
1.920512211213e+07	2.396777896367e+08	-8.946518438142e+08	1.469507659311e+10	4.655324277938e-01
1.931782142461e+07	2.361215541732e+08	-8.975623665998e+08	1.461251630424e+10	4.655705751681e-01
1.943118207811e+07	2.326137711175e+08	-9.004985467348e+08	1.453029067737e+10	4.656074482801e-01
1.954520795350e+07	2.291532816085e+08	-9.034647569196e+08	1.444838630382e+10	4.656430746250e-01
1.965990295444e+07	2.257407297842e+08	-9.064492478190e+08	1.436683144730e+10	4.656774808447e-01
1.977527100748e+07	2.223707780356e+08	-9.094915120431e+08	1.428551258390e+10	4.657106926841e-01
1.989131606221e+07	2.190567780346e+08	-9.124566366410e+08	1.420475823977e+10	4.657427303149e-01
2.000804209142e+07	2.157493132218e+08	-9.157555354368e+08	1.412337892507e+10	4.657736037817e-01
2.012545309118e+07	2.125863467606e+08	-9.179737477294e+08	1.404468970665e+10	4.658032471615e-01
2.024355308104e+07	2.091609003199e+08	-9.255932009084e+08	1.395848543184e+10	4.658314138501e-01
2.036234610412e+07	2.067440859964e+08	-9.081752420804e+08	1.389418999760e+10	4.658567213439e-01
2.048183622728e+07	1.496491012502e+08	-1.629810420278e+09	1.240610199537e+10	4.658747248352e-01
2.060202754122e+07	5.508778143080e+07	-3.383867836651e+09	6.886490471718e+09	4.658759712662e-01
2.072292416068e+07	5.476672601404e+07	-3.364787640483e+09	6.869096421360e+09	4.658644308322e-01
2.084453022451e+07	5.428307700123e+07	-3.354101540452e+09	6.842878472190e+09	4.658580065465e-01
2.096684989587e+07	5.384964464628e+07	-3.341984456070e+09	6.819178717162e+09	4.658506919414e-01
2.108988736235e+07	5.340960410667e+07	-3.330263698665e+09	6.795022927589e+09	4.658436150002e-01
2.121364683611e+07	5.297569254567e+07	-3.318492595763e+09	6.771070144011e+09	4.658364990023e-01
2.133813255401e+07	5.254487407267e+07	-3.306774689961e+09	6.747167527645e+09	4.658294084508e-01
2.146334877781e+07	5.211781743950e+07	-3.295085496337e+09	6.723349806424e+09	4.658223280581e-01
2.158929979424e+07	5.169432860392e+07	-3.283430609614e+09	6.699608724856e+09	4.658152613731e-01
2.171598991521e+07	5.127441524444e+07	-3.271808574152e+09	6.675945889296e+09	4.658082075081e-01
2.184342347793e+07	5.085803826599e+07	-3.260219588735e+09	6.652360627579e+09	4.658011666213e-01
2.197160484505e+07	5.044516991191e+07	-3.248663457082e+09	6.628852911692e+09	4.657941386245e-01
2.210053840484e+07	5.003577984892e+07	-3.237140091977e+09	6.605422310829e+09	4.657871234880e-01
2.223022857130e+07	4.962983897683e+07	-3.225649361129e+09	6.582068803739e+09	4.657801211685e-01
2.236067978434e+07	4.922731792686e+07	-3.214191162352e+09	6.558791971973e+09	4.657731316261e-01
2.249189650993e+07	4.882818800005e+07	-3.202765367277e+09	6.535591776235e+09	4.657661548203e-01
2.262388324025e+07	4.843242035435e+07	-3.191371873414e+09	6.512467795954e+09	4.657591907109e-01
2.275664449383e+07	4.803998679302e+07	-3.180010552363e+09	6.489420007520e+09	4.657522392581e-01
2.289018481572e+07	4.765085897402e+07	-3.168681301567e+09	6.466447996427e+09	4.657453004219e-01
2.302450877763e+07	4.726500917776e+07	-3.157383993268e+09	6.443551728754e+09	4.657383741628e-01
2.315962097812e+07	4.688240953093e+07	-3.146118525257e+09	6.420730800711e+09	4.657314604412e-01
2.329552604273e+07	4.650303276305e+07	-3.134884771053e+09	6.397985170497e+09	4.657245592177e-01
2.343222862412e+07	4.612685143054e+07	-3.123682630122e+09	6.375314437129e+09	4.657176704533e-01
2.356973340229e+07	4.575383871610e+07	-3.112511976155e+09	6.352718562605e+09	4.657107941088e-01
2.370804508467e+07	4.538396768390e+07	-3.101372707748e+09	6.330197149670e+09	4.657039301453e-01
2.384716840633e+07	4.501721202444e+07	-3.090264698479e+09	6.307750157158e+09	4.656970785241e-01
2.398710813013e+07	4.465354529203e+07	-3.079187846452e+09	6.285377198563e+09	4.656902392065e-01
2.412786904686e+07	4.429294162453e+07	-3.068142025031e+09	6.263078236932e+09	4.656834121539e-01
2.426945597545e+07	4.393537499256e+07	-3.057127133628e+09	6.240852878844e+09	4.656765973282e-01
2.441187376309e+07	4.358081998915e+07	-3.046143044942e+09	6.218701099900e+09	4.656697946908e-01
2.455512728542e+07	4.322925105947e+07	-3.035189657780e+09	6.196622508290e+09	4.656630042038e-01
2.469922144668e+07	4.288064320132e+07	-3.024266846908e+09	6.174617065783e+09	4.656562258290e-01
2.484416117991e+07	4.253497124825e+07	-3.013374512389e+09	6.152684391523e+09	4.656494595285e-01
2.498995144709e+07	4.219221059946e+07	-3.002512529053e+09	6.130824452166e+09	4.656427052645e-01
2.513659723931e+07	4.185233652023e+07	-2.991680797239e+09	6.109036862433e+09	4.656359629993e-01
2.528410357696e+07	4.151532488923e+07	-2.980879190585e+09	6.087321598786e+09	4.656292326952e-01
2.543247550987e+07	4.118115145400e+07	-2.970107608452e+09	6.065678278671e+09	4.656225143146e-01
2.558171811753e+07	4.084979250565e+07	-2.959365924936e+09	6.044106879887e+09	4.656158078201e-01
2.573183650922e+07	4.052122413369e+07	-2.948654041973e+09	6.022607010317e+09	4.656091131743e-01
2.588283582421e+07	4.019542297796e+07	-2.937971836307e+09	6.001178644427e+09	4.656024303399e-01
2.603472123192e+07	3.987236555996e+07	-2.927319208353e+09	5.979821403045e+09	4.655957592796e-01
2.618749793212e+07	3.955202893060e+07	-2.916696035369e+09	5.958535245058e+09	4.655890999563e-01
2.634117115508e+07	3.923439001401e+07	-2.906102218282e+09	5.937319808252e+09	4.655824523330e-01
2.649574616176e+07	3.891942630650e+07	-2.895537631593e+09	5.916175065381e+09	4.655758163725e-01
2.665122824401e+07	3.860711521074e+07	-2.885002173880e+09	5.895100648318e+09	4.655691920379e-01
2.680762272471e+07	3.829743465839e+07	-2.874495717931e+09	5.874096550489e+09	4.655625792925e-01
2.696493495800e+07	3.799036236618e+07	-2.864018164332e+09	5.853162400420e+09	4.655559780993e-01
2.712317032942e+07	3.768587654100e+07	-2.853569389477e+09	5.832298170011e+09	4.655493884216e-01
2.728233425612e+07	3.738395523534e+07	-2.843149294853e+09	5.811503505783e+09	4.655428102226e-01
2.744243218704e+07	3.708457702016e+07	-2.832757758166e+09	5.790778363770e+09	4.655362434656e-01
2.760346960310e+07	3.678772034157e+07	-2.822394680963e+09	5.770122399955e+09	4.655296881141e-01
2.776545201737e+07	3.649336416099e+07	-2.812059940715e+09	5.749535570207e+09	4.655231441313e-01
2.792838497528e+07	3.620148733808e+07	-2.801753437910e+09	5.729017530170e+09	4.655166114808e-01
2.809227405480e+07	3.591206923617e+07	-2.791475048966e+09	5.708568256078e+09	4.655100901260e-01
2.825712486664e+07	3.562508908174e+07	-2.781224674110e+09	5.688187395459e+09	4.655035800304e-01
2.842294305442e+07	3.534052656885e+07	-2.771002190608e+09	5.667874915675e+09	4.654970811575e-01
2.858973429490e+07	3.505836125101e+07	-2.760807499777e+09	5.647630475053e+09	4.654905934708e-01
2.875750429812e+07	3.477857316295e+07	-2.750640478912e+09	5.627454045457e+09	4.654841169339e-01
2.892625880767e+07	3.450114223680e+07	-2.740501028135e+09	5.607345284801e+09	4.654776515105e-01
2.909600360079e+07	3.422604890520e+07	-2.730389022625e+09	5.587304175975e+09	4.654711971641e-01
2.926674448868e+07	3.395327346530e+07	-2.720304361930e+09	5.567330380254e+09	4.654647538583e-01
2.943848731659e+07	3.368279663891e+07	-2.710246922681e+09	5.547423875814e+09	4.654583215567e-01
2.961123796412e+07	3.341459896137e+07	-2.700216606965e+09	5.527584331576e+09	4.654519002231e-01
2.978500234533e+07	3.314866142835e+07	-2.690213293738e+09	5.507811710365e+09	4.654454898210e-01
2.995978640901e+07	3.288496495728e+07	-2.680236884209e+09	5.488105682786e+09	4.654390903140e-01
3.013559613884e+07	3.262349096624e+07	-2.670287255099e+09	5.468466223806e+09	4.654327016657e-01
3.031243755363e+07	3.236422075493e+07	-2.660364306469e+09	5.448893011795e+09	4.654263238399e-01
3.049031670752e+07	3.210713602937e+07	-2.650467916924e+09	5.429385999397e+09	4.654199568000e-01
3.066923969013e+07	3.185221836621e+07	-2.640597986990e+09	5.409944869290e+09	4.654136005097e-01
3.084921262687e+07	3.159944981672e+07	-2.630754390632e+09	5.390569630804e+09	4.654072549326e-01
3.103024167906e+07	3.134881227719e+07	-2.620937028898e+09	5.371259944572e+09	4.654009200322e-01
3.121233304419e+07	3.110028804677e+07	-2.611145780515e+09	5.352015777678e+09	4.653945957721e-01
3.139549295612e+07	3.085385929874e+07	-2.601380546802e+09	5.332836819824e+09	4.653882821157e-01
3.157972768527e+07	3.060950866554e+07	-2.591641204501e+09	5.313723050163e+09	4.653819790266e-01
3.176504353888e+07	3.036721870293e+07	-2.581927652236e+09	5.294674163584e+09	4.653756864683e-01
3.195144686121e+07	3.012697241469e+07	-2.572239764999e+09	5.275690137584e+09	4.653694044041e-01
3.213894403370e+07	2.988875261613e+07	-2.562577444216e+09	5.256770658289e+09	4.653631327975e-01
3.232754147530e+07	2.965254252817e+07	-2.552940567790e+09	5.237915690323e+09	4.653568716117e-01
3.251724564259e+07	2.941832525728e+07	-2.543329035650e+09	5.219124941882e+09	4.653506208100e-01
3.270806303005e+07	2.918608431607e+07	-2.533742724757e+09	5.200398375843e+09	4.653443803559e-01
3.290000017026e+07	2.895580308954e+07	-2.524181535278e+09	5.181735706763e+09	4.653381502123e-01
3.309306363414e+07	2.872746536594e+07	-2.514645344782e+09	5.163136904592e+09	4.653319303426e-01
3.328726003118e+07	2.850105484951e+07	-2.505134051875e+09	5.144601670873e+09	4.653257207099e-01
3.348259600965e+07	2.827655569839e+07	-2.495647528887e+09	5.126130018192e+09	4.653195212771e-01
3.367907825682e+07	2.805395191700e+07	-2.486185674225e+09	5.107721639272e+09	4.653133320073e-01
3.387671349922e+07	2.783322784566e+07	-2.476748366057e+09	5.089376503022e+09	4.653071528634e-01
3.407550850285e+07	2.761436769168e+07	-2.467335505048e+09	5.071094318115e+09	4.653009838082e-01
3.427547007339e+07	2.739735606498e+07	-2.457946969806e+09	5.052875052993e+09	4.652948248046e-01
3.447660505650e+07	2.718217751942e+07	-2.448582657995e+09	5.034718420377e+09	4.652886758152e-01
3.467892033798e+07	2.696881704544e+07	-2.439242440748e+09	5.016624438526e+09	4.652825368027e-01
3.488242284405e+07	2.675725949395e+07	-2.429926214293e+09	4.998592813003e+09	4.652764077296e-01
3.508711954155e+07	2.654749003916e+07	-2.420633854466e+09	4.980623521035e+09	4.652702885585e-01
3.529301743825e+07	2.633949368297e+07	-2.411365260885e+09	4.962716283729e+09	4.652641792516e-01
3.550012358300e+07	2.613325578007e+07	-2.402120312314e+09	4.944871067592e+09	4.652580797714e-01
3.570844506603e+07	2.592876163255e+07	-2.392898906431e+09	4.927087599549e+09	4.652519900799e-01
3.591798901917e+07	2.572599700412e+07	-2.383700913865e+09	4.909365895278e+09	4.652459101394e-01
3.612876261613e+07	2.552494754273e+07	-2.374526229481e+09	4.891705672768e+09	4.652398399119e-01
3.634077307267e+07	2.532559919639e+07	-2.365374727880e+09	4.874106912762e+09	4.652337793592e-01
3.655402764693e+07	2.512793775093e+07	-2.356246306451e+09	4.856569346505e+09	4.652277284432e-01
3.676853363963e+07	2.493194935237e+07	-2.347140840616e+09	4.839092954813e+09	4.652216871256e-01
3.698429839432e+07	2.473762006297e+07	-2.338058226257e+09	4.821677478882e+09	4.652156553679e-01
3.720132929767e+07	2.454493634986e+07	-2.328998334753e+09	4.804322920605e+09	4.652096331317e-01
3.741963377968e+07	2.435388457462e+07	-2.319961060073e+09	4.787029019960e+09	4.652036203783e-01
3.763921931394e+07	2.416445142463e+07	-2.310946275472e+09	4.769795754689e+09	4.651976170689e-01
3.786009341792e+07	2.397662345597e+07	-2.301953875769e+09	4.752622866214e+09	4.651916231646e-01
3.808226365318e+07	2.379038757108e+07	-2.292983733623e+09	4.735510351894e+09	4.651856386264e-01
3.830573762568e+07	2.360573058645e+07	-2.284035742142e+09	4.718457953561e+09	4.651796634152e-01
3.853052298599e+07	2.342263967217e+07	-2.275109771638e+09	4.701465675033e+09	4.651736974915e-01
3.875662742958e+07	2.324110187209e+07	-2.266205714628e+09	4.684533263429e+09	4.651677408160e-01
3.898405869709e+07	2.306110453329e+07	-2.257323442978e+09	4.667660716140e+09	4.651617933492e-01
3.921282457457e+07	2.288263487500e+07	-2.248462850555e+09	4.650847785870e+09	4.651558550511e-01
3.944293289377e+07	2.270568052222e+07	-2.239623806428e+09	4.634094463500e+09	4.651499258820e-01
3.967439153238e+07	2.253022902560e+07	-2.230806199729e+09	4.617400508463e+09	4.651440058018e-01
3.990720841435e+07	2.235626824756e+07	-2.222009897147e+09	4.600765941218e+09	4.651380947703e-01
4.014139151011e+07	2.218378582029e+07	-2.213234794096e+09	4.584190501418e+09	4.651321927472e-01
4.037694883684e+07	2.201276972829e+07	-2.204480761340e+09	4.567674182598e+09	4.651262996918e-01
4.061388845881e+07	2.184320791515e+07	-2.195747687870e+09	4.551216751766e+09	4.651204155634e-01
4.085221848759e+07	2.167508872737e+07	-2.187035435525e+09	4.534818247143e+09	4.651145403213e-01
4.109194708235e+07	2.150840038146e+07	-2.178343890568e+09	4.518478430135e+09	4.651086739243e-01
4.133308245013e+07	2.134313132183e+07	-2.169672921764e+09	4.502197292762e+09	4.651028163310e-01
4.157563284615e+07	2.117926983877e+07	-2.161022419795e+09	4.485974608105e+09	4.650969675001e-01
4.181960657407e+07	2.101680459175e+07	-2.152392251801e+09	4.469810373030e+09	4.650911273899e-01
4.206501198627e+07	2.085572418124e+07	-2.143782303391e+09	4.453704366990e+09	4.650852959586e-01
4.231185748414e+07	2.069601756406e+07	-2.135192434633e+09	4.437656623812e+09	4.650794731640e-01
4.256015151838e+07	2.053767357146e+07	-2.126622528474e+09	4.421666925320e+09	4.650736589639e-01
4.280990258928e+07	2.038068129852e+07	-2.118072448231e+09	4.405735273233e+09	4.650678533159e-01
4.306111924701e+07	2.022502967889e+07	-2.109542080412e+09	4.389861455841e+09	4.650620561771e-01
4.331381009191e+07	2.007070793165e+07	-2.101031291074e+09	4.374045471050e+09	4.650562675046e-01
4.356798377479e+07	1.991770523141e+07	-2.092539963355e+09	4.358287107455e+09	4.650504872553e-01
4.382364899722e+07	1.976601115521e+07	-2.084067951815e+09	4.342586423201e+09	4.650447153858e-01
4.408081451184e+07	1.961561516684e+07	-2.075615135086e+09	4.326943198383e+09	4.650389518524e-01
4.433948912266e+07	1.946650696470e+07	-2.067181372411e+09	4.311357449411e+09	4.650331966113e-01
4.459968168534e+07	1.931867608304e+07	-2.058766545812e+09	4.295828971996e+09	4.650274496181e-01
4.486140110751e+07	1.917211236743e+07	-2.050370514766e+09	4.280357784133e+09	4.650217108286e-01
4.512465634906e+07	1.902680559095e+07	-2.041993157756e+09	4.264943687305e+09	4.650159801981e-01
4.538945642249e+07	1.888274588861e+07	-2.033634326385e+09	4.249586736476e+09	4.650102576816e-01
4.565581039316e+07	1.873992328636e+07	-2.025293895314e+09	4.234286731771e+09	4.650045432338e-01
4.592372737962e+07	1.859832806889e+07	-2.016971718246e+09	4.219043696042e+09	4.649988368092e-01
4.619321655397e+07	1.845795036319e+07	-2.008667671650e+09	4.203857442164e+09	4.649931383621e-01
4.646428714209e+07	1.831878058074e+07	-2.000381609811e+09	4.188727996612e+09	4.649874478463e-01
4.673694842402e+07	1.818080905786e+07	-1.992113406085e+09	4.173655175926e+09	4.649817652154e-01
4.701120973426e+07	1.804402650182e+07	-1.983862905213e+09	4.158639052807e+09	4.649760904226e-01
4.728708046207e+07	1.790842348391e+07	-1.975629977487e+09	4.143679428792e+09	4.649704234210e-01
4.756457005183e+07	1.777399082308e+07	-1.967414471536e+09	4.128776342762e+09	4.649647641631e-01
4.784368800333e+07	1.764071920797e+07	-1.959216257607e+09	4.113929617550e+09	4.649591126012e-01
4.812444387210e+07	1.750859964917e+07	-1.951035180112e+09	4.099139314441e+09	4.649534686873e-01
4.840684726975e+07	1.737762307125e+07	-1.942871104298e+09	4.084405260098e+09	4.649478323729e-01
4.869090786430e+07	1.724778071886e+07	-1.934723869760e+09	4.069727518758e+09	4.649422036093e-01
4.897663538049e+07	1.711906366826e+07	-1.926593341676e+09	4.055105917174e+09	4.649365823474e-01
4.926403960013e+07	1.699146327564e+07	-1.918479360701e+09	4.040540513285e+09	4.649309685377e-01
4.955313036245e+07	1.686497077609e+07	-1.910381789681e+09	4.026031143848e+09	4.649253621302e-01
4.984391756439e+07	1.673957772613e+07	-1.902300464639e+09	4.011577886883e+09	4.649197630747e-01
5.013641116099e+07	1.661527557475e+07	-1.894235244196e+09	3.997180580296e+09	4.649141713205e-01
5.043062116569e+07	1.649205607571e+07	-1.886185961103e+09	3.982839301920e+09	4.649085868165e-01
5.072655765070e+07	1.636991084423e+07	-1.878152471621e+09	3.968553894838e+09	4.649030095112e-01
5.102423074735e+07	1.624883179706e+07	-1.870134605426e+09	3.954324447636e+09	4.648974393525e-01
5.132365064638e+07	1.612881072362e+07	-1.862132215629e+09	3.940150809554e+09	4.648918762882e-01
5.162482759839e+07	1.600983972737e+07	-1.854145127682e+09	3.926033076368e+09	4.648863202654e-01
5.192777191408e+07	1.589191076006e+07	-1.846173192403e+09	3.911971097476e+09	4.648807712307e-01
5.223249396468e+07	1.577501608506e+07	-1.838216232173e+09	3.897964977712e+09	4.648752291303e-01
5.253900418228e+07	1.565914782526e+07	-1.830274094476e+09	3.884014570434e+09	4.648696939100e-01
5.284731306019e+07	1.554429843523e+07	-1.822346596604e+09	3.870119996048e+09	4.648641655150e-01
5.315743115328e+07	1.543046020727e+07	-1.814433583315e+09	3.856281106186e+09	4.648586438900e-01
5.346936907838e+07	1.531762577283e+07	-1.806534867855e+09	3.842498025654e+09	4.648531289792e-01
5.378313751460e+07	1.520578761384e+07	-1.798650289510e+09	3.828770623971e+09	4.648476207262e-01
5.409874720374e+07	1.509493854328e+07	-1.790779656750e+09	3.815099029415e+09	4.648421190741e-01
5.441620895061e+07	1.498507121977e+07	-1.782922804177e+09	3.801483119394e+09	4.648366239655e-01
5.473553362344e+07	1.487617861244e+07	-1.775079536185e+09	3.787923027838e+09	4.648311353424e-01
5.505673215424e+07	1.476825351491e+07	-1.767249684430e+09	3.774418636803e+09	4.648256531460e-01
5.537981553916e+07	1.466128904734e+07	-1.759433048949e+09	3.760970099372e+09	4.648201773172e-01
5.570479483888e+07	1.455527819284e+07	-1.751629455865e+09	3.747577306867e+09	4.648147077961e-01
5.603168117900e+07	1.445021427921e+07	-1.743838699149e+09	3.734240416472e+09	4.648092445221e-01
5.636048575039e+07	1.434609048877e+07	-1.736060599085e+09	3.720959323440e+09	4.648037874342e-01
5.669121980960e+07	1.424290034956e+07	-1.728294942297e+09	3.707734196397e+09	4.647983364706e-01
5.702389467922e+07	1.414063722297e+07	-1.720541542432e+09	3.694564946016e+09	4.647928915685e-01
5.735852174831e+07	1.403929476248e+07	-1.712800182795e+09	3.681451740508e+09	4.647874526649e-01
5.769511247274e+07	1.393886649414e+07	-1.705070669394e+09	3.668394526988e+09	4.647820196958e-01
5.803367837561e+07	1.383934620933e+07	-1.697352783124e+09	3.655393462448e+09	4.647765925965e-01
5.837423104765e+07	1.374072762535e+07	-1.689646324035e+09	3.642448498808e+09	4.647711713014e-01
5.871678214760e+07	1.364300477613e+07	-1.681951063291e+09	3.629559796372e+09	4.647657557444e-01
5.906134340261e+07	1.354617164762e+07	-1.674266785330e+09	3.616727371502e+09	4.647603458583e-01
5.940792660865e+07	1.345022241493e+07	-1.666593255852e+09	3.603951386098e+09	4.647549415753e-01
5.975654363093e+07	1.335515110421e+07	-1.658930263434e+09	3.591231801324e+09	4.647495428265e-01
6.010720640425e+07	1.326095200522e+07	-1.651277569781e+09	3.578568795639e+09	4.647441495424e-01
6.045992693348e+07	1.316761948697e+07	-1.643634939171e+09	3.565962453566e+09	4.647387616524e-01
6.081471729392e+07	1.307514818477e+07	-1.636002116663e+09	3.553412945424e+09	4.647333790851e-01
6.117158963173e+07	1.298353261345e+07	-1.628378866612e+09	3.540920285988e+09	4.647280017679e-01
6.153055616435e+07	1.289276720927e+07	-1.620764953977e+09	3.528484606422e+09	4.647226296275e-01
6.189162918092e+07	1.280284687228e+07	-1.613160108703e+09	3.516106080134e+09	4.647172625895e-01
6.225482104268e+07	1.271376662840e+07	-1.605564059711e+09	3.503784881692e+09	4.647119005784e-01
6.262014418343e+07	1.262552133735e+07	-1.597976553687e+09	3.491521078540e+09	4.647065435176e-01
6.298761110991e+07	1.253810598587e+07	-1.590397321391e+09	3.479314854464e+09	4.647011913295e-01
6.335723440227e+07	1.245151577189e+07	-1.582826081780e+09	3.467166394806e+09	4.646958439354e-01
6.372902671446e+07	1.236574598470e+07	-1.575262550730e+09	3.455075872073e+09	4.646905012551e-01
6.410300077472e+07	1.228079201039e+07	-1.567706438080e+09	3.443043474978e+09	4.646851632076e-01
6.447916938595e+07	1.219664934110e+07	-1.560157447749e+09	3.431069394563e+09	4.646798297105e-01
6.485754542621e+07	1.211331356948e+07	-1.552615277961e+09	3.419153826206e+09	4.646745006800e-01
6.523814184909e+07	1.203078041759e+07	-1.545079617455e+09	3.407296996435e+09	4.646691760312e-01
6.562097168423e+07	1.194904571882e+07	-1.537550148024e+09	3.395499139443e+09	4.646638556775e-01
6.600604803773e+07	1.186810542621e+07	-1.530026543802e+09	3.383760498297e+09	4.646585395312e-01
6.639338409256e+07	1.178795561335e+07	-1.522508470798e+09	3.372081329491e+09	4.646532275030e-01
6.678299310910e+07	1.170859247850e+07	-1.514995586457e+09	3.360461902980e+09	4.646479195021e-01
6.717488842552e+07	1.163001234761e+07	-1.507487539285e+09	3.348902502833e+09	4.646426154362e-01
6.756908345825e+07	1.155221167765e+07	-1.499983968435e+09	3.337403427879e+09	4.646373152112e-01
6.796559170248e+07	1.147518706025e+07	-1.492484503275e+09	3.325964992381e+09	4.646320187317e-01
6.836442673256e+07	1.139893522549e+07	-1.484988762918e+09	3.314587526764e+09	4.646267259001e-01
6.876560220252e+07	1.132345304610e+07	-1.477496355738e+09	3.303271379786e+09	4.646214366174e-01
6.916913184650e+07	1.124873754180e+07	-1.470006878844e+09	3.292016912324e+09	4.646161507826e-01
6.957502947926e+07	1.117478588412e+07	-1.462519917533e+09	3.280824512297e+09	4.646108682927e-01
6.998330899658e+07	1.110159540142e+07	-1.455035044698e+09	3.269694581535e+09	4.646055890430e-01
7.039398437584e+07	1.102916358437e+07	-1.447551820208e+09	3.258627543785e+09	4.646003129263e-01
7.080706967640e+07	1.095748809176e+07	-1.440069790239e+09	3.247623844360e+09	4.645950398338e-01
7.122257904013e+07	1.088656675681e+07	-1.432588486571e+09	3.236683951246e+09	4.645897696540e-01
7.164052669191e+07	1.081639759387e+07	-1.425107425830e+09	3.225808356305e+09	4.645845022734e-01
7.206092694007e+07	1.074697880569e+07	-1.417626108684e+09	3.214997576543e+09	4.645792375761e-01
7.248379417691e+07	1.067830879120e+07	-1.410144018982e+09	3.204252155479e+09	4.645739754435e-01
7.290914287920e+07	1.061038615391e+07	-1.402660622837e+09	3.193572664603e+09	4.645687157546e-01
7.333698760864e+07	1.054320971088e+07	-1.395175367638e+09	3.182959704940e+09	4.645634583858e-01
7.376734301239e+07	1.047677850254e+07	-1.387687680999e+09	3.172413908736e+09	4.645582032104e-01
7.420022382358e+07	1.041109180313e+07	-1.380196969623e+09	3.161935941255e+09	4.645529500992e-01
7.463564486178e+07	1.034614913206e+07	-1.372702618095e+09	3.151526502725e+09	4.645476989197e-01
7.507362103351e+07	1.028195026615e+07	-1.365203987572e+09	3.141186330423e+09	4.645424495363e-01
7.551416733279e+07	1.021849525294e+07	-1.357700414377e+09	3.130916200925e+09	4.645372018101e-01
7.595729884161e+07	1.015578442497e+07	-1.350191208492e+09	3.120716932540e+09	4.645319555988e-01
7.640303073049e+07	1.009381841543e+07	-1.342675651919e+09	3.110589387926e+09	4.645267107565e-01
7.685137825894e+07	1.003259817504e+07	-1.335152996921e+09	3.100534476936e+09	4.645214671335e-01
7.730235677603e+07	9.972124990372e+06	-1.327622464112e+09	3.090553159684e+09	4.645162245763e-01
7.775598172091e+07	9.912400503906e+06	-1.320083240397e+09	3.080646449887e+09	4.645109829272e-01
7.821226862331e+07	9.853426735766e+06	-1.312534476723e+09	3.070815418480e+09	4.645057420241e-01
7.867123310412e+07	9.795206107492e+06	-1.304975285655e+09	3.061061197560e+09	4.645005017005e-01
7.913289087588e+07	9.737741467997e+06	-1.297404738722e+09	3.051384984674e+09	4.644952617853e-01
7.959725774331e+07	9.681036121977e+06	-1.289821863537e+09	3.041788047506e+09	4.644900221021e-01
8.006434960393e+07	9.625093861040e+06	-1.282225640647e+09	3.032271728991e+09	4.644847824696e-01
8.053418244849e+07	9.569918997883e+06	-1.274615000092e+09	3.022837452922e+09	4.644795427008e-01
8.100677236163e+07	9.515516403870e+06	-1.266988817636e+09	3.013486730095e+09	4.644743026029e-01
8.148213552234e+07	9.461891550431e+06	-1.259345910632e+09	3.004221165061e+09	4.644690619771e-01
8.196028820456e+07	9.409050554752e+06	-1.251685033475e+09	2.995042463564e+09	4.644638206181e-01
8.244124677775e+07	9.357000230299e+06	-1.244004872593e+09	2.985952440742e+09	4.644585783139e-01
8.292502770739e+07	9.305748142805e+06	-1.236304040918e+09	2.976953030191e+09	4.644533348451e-01
8.341164755563e+07	9.255302672441e+06	-1.228581071770e+09	2.968046294018e+09	4.644480899848e-01
8.390112298177e+07	9.205673083022e+06	-1.220834412073e+09	2.959234433991e+09	4.644428434979e-01
8.439347074288e+07	9.156869599205e+06	-1.213062414816e+09	2.950519803961e+09	4.644375951410e-01
8.488870769438e+07	9.108903492843e+06	-1.205263330648e+09	2.941904923719e+09	4.644323446613e-01
8.538685079059e+07	9.061787179810e+06	-1.197435298495e+09	2.933392494505e+09	4.644270917963e-01
8.588791708531e+07	9.015534328890e+06	-1.189576335036e+09	2.924985416404e+09	4.644218362734e-01
8.639192373243e+07	8.970159984575e+06	-1.181684322886e+09	2.916686807930e+09	4.644165778085e-01
8.689888798650e+07	8.925680705975e+06	-1.173756997270e+09	2.908500028128e+09	4.644113161061e-01
8.740882720332e+07	8.882114724477e+06	-1.165791930958e+09	2.900428701607e+09	4.644060508578e-01
8.792175884053e+07	8.839482123288e+06	-1.157786517165e+09	2.892476746984e+09	4.644007817415e-01
8.843770045824e+07	8.797805042649e+06	-1.149737950079e+09	2.884648409334e+09	4.643955084207e-01
8.895666971957e+07	8.757107915308e+06	-1.141643202599e+09	2.876948297335e+09	4.643902305429e-01
8.947868439131e+07	8.717417737812e+06	-1.133499000779e+09	2.869381425979e+09	4.643849477386e-01
9.000376234452e+07	8.678764384460e+06	-1.125301794362e+09	2.861953265891e+09	4.643796596197e-01
9.053192155512e+07	8.641180972323e+06	-1.117047722649e+09	2.854669800539e+09	4.643743657782e-01
9.106318010450e+07	8.604704287782e+06	-1.108732574771e+09	2.847537592940e+09	4.643690657840e-01
9.159755618018e+07	8.569375287665e+06	-1.100351743194e+09	2.840563863843e+09	4.643637591833e-01
9.213506807640e+07	8.535239691485e+06	-1.091900169006e+09	2.833756583899e+09	4.643584454960e-01
9.267573419474e+07	8.502348685802e+06	-1.083372277129e+09	2.827124582984e+09	4.643531242133e-01
9.321957304479e+07	8.470759767827e+06	-1.074761899124e+09	2.820677680754e+09	4.643477947946e-01
9.376660324474e+07	8.440537763643e+06	-1.066062180651e+09	2.814426843694e+09	4.643424566641e-01
9.431684352203e+07	8.411756068150e+06	-1.057265470037e+09	2.808384375678e+09	4.643371092076e-01
9.487031271401e+07	8.384498171144e+06	-1.048363184655e+09	2.802564151662e+09	4.643317517693e-01
9.542702976857e+07	8.358859562249e+06	-1.039345656292e+09	2.796981909171e+09	4.643263836540e-01
9.598701374478e+07	8.334950161179e+06	-1.030201981153e+09	2.791655624490e+09	4.643210041536e-01
9.655028381357e+07	8.312897545256e+06	-1.020920011595e+09	2.786606039332e+09	4.643156126764e-01
9.711685925834e+07	8.292851596913e+06	-1.011487114168e+09	2.781857544847e+09	4.643102093230e-01
9.768675947567e+07	8.274992287106e+06	-1.001894419340e+09	2.777440168857e+09	4.643047973514e-01
9.826000397597e+07	8.259545800526e+06	-9.921562663788e+08	2.773395476311e+09	4.642993936337e-01
9.883661238411e+07	8.246824786363e+06	-9.823940762695e+08	2.769796842595e+09	4.642940724037e-01
9.941660444016e+07	8.237334788382e+06	-9.731761111663e+08	2.766819743989e+09	4.642891393658e-01
