5.000000000000e+06	1.585896517747e+11	-7.304292254737e+07	2.797796868639e+10	6.452059357246e-02
5.029340951841e+06	1.486204214646e+11	-1.892664020275e+07	2.739826040307e+10	6.583161581832e-02
5.058854081972e+06	1.329222945000e+11	-2.357514370716e+07	2.792344643941e+10	7.001455619082e-02
5.088540400769e+06	1.205258809064e+11	-2.554792729212e+07	2.823313498628e+10	7.384061762215e-02
5.118400924536e+06	1.092023037577e+11	-2.770999370920e+07	2.858589267522e+10	7.811385193183e-02
5.148436675541e+06	9.911373710446e+10	-3.019169795930e+07	2.893710577219e+10	8.266953022652e-02
5.178648682050e+06	9.006726934280e+10	-3.282402045635e+07	2.929721314147e+10	8.755428738295e-02
5.209037978364e+06	8.194981860763e+10	-3.565415875946e+07	2.966582255898e+10	9.277881071408e-02
5.239605604855e+06	7.465276041382e+10	-3.868029771735e+07	3.004412586381e+10	9.836587850690e-02
5.270352607996e+06	6.808368024164e+10	-4.191603850679e+07	3.043269321245e+10	1.043376927439e-01
5.301280040405e+06	6.216181855988e+10	-4.537193366301e+07	3.083184534519e+10	1.107163565725e-01
5.332388960874e+06	5.681727659357e+10	-4.905903697300e+07	3.124135726783e+10	1.175201745111e-01
5.363680434411e+06	5.198818016585e+10	-5.298879942351e+07	3.166108418934e+10	1.247648344386e-01
5.395155532271e+06	4.762088723194e+10	-5.717174182343e+07	3.209024919479e+10	1.324573368976e-01
5.426815331997e+06	4.366867322450e+10	-6.161684745014e+07	3.252745729680e+10	1.405930518923e-01
5.458660917454e+06	4.009025226411e+10	-6.633171584506e+07	3.297098885510e+10	1.491550685448e-01
5.490693378869e+06	3.684919167529e+10	-7.132183138391e+07	3.341866239562e+10	1.581116391697e-01
5.522913812865e+06	3.391319032707e+10	-7.658999747400e+07	3.386784446902e+10	1.674153367796e-01
5.555323322502e+06	3.125345256189e+10	-8.213584874893e+07	3.431547958206e+10	1.770035203950e-01
5.587923017310e+06	2.884415289250e+10	-8.795546474334e+07	3.475814701894e+10	1.868002483655e-01
5.620714013333e+06	2.666198677687e+10	-9.404113436013e+07	3.519215008101e+10	1.967195616111e-01
5.653697433163e+06	2.468580251831e+10	-1.003813100706e+08	3.561363977293e+10	2.066698264331e-01
5.686874405980e+06	2.289630790974e+10	-1.069607712973e+08	3.601876875603e+10	2.165586373575e-01
5.720246067588e+06	2.127584319128e+10	-1.137609922515e+08	3.640386387292e+10	2.262976856730e-01
5.753813560459e+06	1.980820986595e+10	-1.207606848719e+08	3.676559918636e+10	2.358070249956e-01
5.787578033769e+06	1.847854353991e+10	-1.279364676315e+08	3.710114877554e+10	2.450183014181e-01
5.821540643435e+06	1.727321864706e+10	-1.352635996936e+08	3.740830080390e+10	2.538767207155e-01
5.855702552160e+06	1.617977380306e+10	-1.427167189174e+08	3.768552109372e+10	2.623417417390e-01
5.890064929468e+06	1.518684840868e+10	-1.502705297203e+08	3.793196296402e+10	2.703866626227e-01
5.924628951748e+06	1.428412358188e+10	-1.579004013721e+08	3.814742971197e+10	2.779973753390e-01
5.959395802290e+06	1.346226299369e+10	-1.655828528401e+08	3.833230005622e+10	2.851705984276e-01
5.994366671329e+06	1.271285151304e+10	-1.732959157488e+08	3.848743138984e+10	2.919118756497e-01
6.029542756084e+06	1.202833119168e+10	-1.810193796395e+08	3.861405398730e+10	2.982335684144e-01
6.064925260802e+06	1.140193528825e+10	-1.887349310432e+08	3.871366720145e+10	3.041529992679e-01
6.100515396792e+06	1.082762158316e+10	-1.964262046752e+08	3.878794514763e+10	3.096908367618e-01
6.136314382475e+06	1.030000641770e+10	-2.040787637723e+08	3.883865630120e+10	3.148697583402e-01
6.172323443421e+06	9.814300777500e+09	-2.116800285677e+08	3.886759843147e+10	3.197133903818e-01
6.208543812391e+06	9.366249495013e+09	-2.192191686124e+08	3.887654861982e+10	3.242455014308e-01
6.244976729381e+06	8.952074343645e+09	-2.266869724905e+08	3.886722683015e+10	3.284894133154e-01
6.281623441664e+06	8.568421499260e+09	-2.340757057041e+08	3.884127097582e+10	3.324675914216e-01
6.318485203830e+06	8.212313587594e+09	-2.413789649130e+08	3.880022128479e+10	3.362013769421e-01
6.355563277833e+06	7.881106331425e+09	-2.485915344565e+08	3.874551188488e+10	3.397108280977e-01
6.392858933033e+06	7.572449660053e+09	-2.557092492066e+08	3.867846778688e+10	3.430146425367e-01
6.430373446238e+06	7.284253040700e+09	-2.627288663150e+08	3.860030574858e+10	3.461301384068e-01
6.468108101747e+06	7.014654728312e+09	-2.696479472809e+08	3.851213780673e+10	3.490732764202e-01
6.506064191398e+06	6.761994598149e+09	-2.764647509374e+08	3.841497653813e+10	3.518587093751e-01
6.544243014608e+06	6.524790216081e+09	-2.831781373693e+08	3.830974134456e+10	3.544998490025e-01
6.582645878420e+06	6.301715808035e+09	-2.897874823795e+08	3.819726524589e+10	3.570089427157e-01
6.621274097548e+06	6.091583806642e+09	-2.962926018801e+08	3.807830181538e+10	3.593971549466e-01
6.660128994419e+06	5.893328676020e+09	-3.026936854404e+08	3.795353200658e+10	3.616746493559e-01
6.699211899221e+06	5.705992741485e+09	-3.089912381656e+08	3.782357070708e+10	3.638506694027e-01
6.738524149948e+06	5.528713777842e+09	-3.151860300668e+08	3.768897291825e+10	3.659336156449e-01
6.778067092446e+06	5.360714136288e+09	-3.212790521126e+08	3.755023950557e+10	3.679311187796e-01
6.817842080458e+06	5.201291215080e+09	-3.272714781923e+08	3.740782249650e+10	3.698501078888e-01
6.857850475671e+06	5.049809102304e+09	-3.331646322867e+08	3.726212992455e+10	3.716968736756e-01
6.898093647764e+06	4.905691240323e+09	-3.389599601999e+08	3.711353023294e+10	3.734771266902e-01
6.938572974451e+06	4.768413980442e+09	-3.446590052745e+08	3.696235626008e+10	3.751960506883e-01
6.979289841532e+06	4.637500913302e+09	-3.502633875742e+08	3.680890883453e+10	3.768583513542e-01
7.020245642940e+06	4.512517875425e+09	-3.557747860766e+08	3.665346000917e+10	3.784683006721e-01
7.061441780788e+06	4.393068545438e+09	-3.611949234754e+08	3.649625596556e+10	3.800297772532e-01
7.102879665414e+06	4.278790554940e+09	-3.665255532388e+08	3.633751961825e+10	3.815463029348e-01
7.144560715436e+06	4.169352048928e+09	-3.717684486231e+08	3.617745294799e+10	3.830210759627e-01
7.186486357793e+06	4.064448639276e+09	-3.769253933377e+08	3.601623909017e+10	3.844570010561e-01
7.228658027801e+06	3.963800702392e+09	-3.819981737630e+08	3.585404424235e+10	3.858567166365e-01
7.271077169196e+06	3.867150978273e+09	-3.869885722109e+08	3.569101912546e+10	3.872226194848e-01
7.313745234188e+06	3.774262434821e+09	-3.918983615093e+08	3.552730103669e+10	3.885568870972e-01
7.356663683507e+06	3.684916362734e+09	-3.967293003593e+08	3.536301436243e+10	3.898614978379e-01
7.399833986457e+06	3.598910678492e+09	-4.014831294513e+08	3.519827250415e+10	3.911382493697e-01
7.443257620963e+06	3.516058403816e+09	-4.061615684082e+08	3.503317861150e+10	3.923887751809e-01
7.486936073622e+06	3.436186306585e+09	-4.107663131954e+08	3.486782661579e+10	3.936145596762e-01
7.530870839756e+06	3.359133681440e+09	-4.152990340750e+08	3.470230209728e+10	3.948169518297e-01
7.575063423461e+06	3.284751254972e+09	-4.197613739791e+08	3.453668306361e+10	3.959971775825e-01
7.619515337659e+06	3.212900201131e+09	-4.241549472503e+08	3.437104064956e+10	3.971563510970e-01
7.664228104152e+06	3.143451254491e+09	-4.284813386952e+08	3.420543974657e+10	3.982954849802e-01
7.709203253671e+06	3.076283910505e+09	-4.327421029024e+08	3.403993956944e+10	3.994154995737e-01
7.754442325928e+06	3.011285703195e+09	-4.369387637880e+08	3.387459416708e+10	4.005172314004e-01
7.799946869673e+06	2.948351551850e+09	-4.410728143314e+08	3.370945288310e+10	4.016014408473e-01
7.845718442742e+06	2.887383169340e+09	-4.451457164743e+08	3.354456077171e+10	4.026688191562e-01
7.891758612116e+06	2.828288525493e+09	-4.491589011558e+08	3.337995897347e+10	4.037199947891e-01
7.938068953968e+06	2.770981359753e+09	-4.531137684623e+08	3.321568505528e+10	4.047555392239e-01
7.984651053721e+06	2.715380738030e+09	-4.570116878730e+08	3.305177331810e+10	4.057759722363e-01
8.031506506103e+06	2.661410649200e+09	-4.608539985850e+08	3.288825507596e+10	4.067817667125e-01
8.078636915199e+06	2.608999637252e+09	-4.646420099046e+08	3.272515890899e+10	4.077733530363e-01
8.126043894508e+06	2.558080465541e+09	-4.683770016908e+08	3.256251089321e+10	4.087511230899e-01
8.173729066995e+06	2.508589809954e+09	-4.720602248431e+08	3.240033480931e+10	4.097154339006e-01
8.221694065152e+06	2.460467978196e+09	-4.756929018238e+08	3.223865233253e+10	4.106666109671e-01
8.269940531049e+06	2.413658652672e+09	-4.792762272060e+08	3.207748320552e+10	4.116049512922e-01
8.318470116391e+06	2.368108654714e+09	-4.828113682431e+08	3.191684539574e+10	4.125307261479e-01
8.367284482579e+06	2.323767728149e+09	-4.862994654525e+08	3.175675523905e+10	4.134441835969e-01
8.416385300760e+06	2.280588340388e+09	-4.897416332092e+08	3.159722757060e+10	4.143455507913e-01
8.465774251888e+06	2.238525499438e+09	-4.931389603464e+08	3.143827584450e+10	4.152350360683e-01
8.515453026784e+06	2.197536585364e+09	-4.964925107575e+08	3.127991224316e+10	4.161128308600e-01
8.565423326187e+06	2.157581194906e+09	-4.998033239988e+08	3.112214777733e+10	4.169791114348e-01
8.615686860820e+06	2.118620998073e+09	-5.030724158901e+08	3.096499237775e+10	4.178340404828e-01
8.666245351442e+06	2.080619605671e+09	-5.063007791063e+08	3.080845497912e+10	4.186777685607e-01
8.717100528912e+06	2.043542446792e+09	-5.094893837797e+08	3.065254359715e+10	4.195104354065e-01
8.768254134243e+06	2.007356655477e+09	-5.126391780273e+08	3.049726527672e+10	4.203321711363e-01
8.819707918668e+06	1.972030965645e+09	-5.157510886364e+08	3.034262676952e+10	4.211430973333e-01
8.871463643695e+06	1.937535613439e+09	-5.188260215399e+08	3.018863336928e+10	4.219433280153e-01
8.923523081169e+06	1.903842247544e+09	-5.218648623444e+08	3.003529018972e+10	4.227329705706e-01
8.975888013332e+06	1.870923844601e+09	-5.248684769338e+08	2.988260160460e+10	4.235121265351e-01
9.028560232885e+06	1.838754631524e+09	-5.278377120351e+08	2.973057141808e+10	4.242808923418e-01
9.081541543049e+06	1.807310012714e+09	-5.307733955372e+08	2.957920277227e+10	4.250393599835e-01
9.134833757626e+06	1.776566502756e+09	-5.336763372752e+08	2.942849870453e+10	4.257876176162e-01
9.188438701064e+06	1.746501662944e+09	-5.365473293723e+08	2.927846141955e+10	4.265257500869e-01
9.242358208514e+06	1.717094043033e+09	-5.393871467118e+08	2.912909282792e+10	4.272538394405e-01
9.296594125897e+06	1.688323126162e+09	-5.421965474410e+08	2.898039445191e+10	4.279719653487e-01
9.351148309968e+06	1.660169277681e+09	-5.449762734227e+08	2.883236745398e+10	4.286802055059e-01
9.406022628376e+06	1.632613697254e+09	-5.477270506810e+08	2.868501266344e+10	4.293786359816e-01
9.461218959731e+06	1.605638374067e+09	-5.504495898348e+08	2.853833060098e+10	4.300673315353e-01
9.516739193665e+06	1.579226044885e+09	-5.531445865205e+08	2.839232150143e+10	4.307463658968e-01
9.572585230900e+06	1.553360154774e+09	-5.558127218030e+08	2.824698533491e+10	4.314158120154e-01
9.628758983313e+06	1.528024820266e+09	-5.584546625754e+08	2.810232182633e+10	4.320757422794e-01
9.685262373999e+06	1.503204794819e+09	-5.610710619482e+08	2.795833047349e+10	4.327262287103e-01
9.742097337336e+06	1.478885436393e+09	-5.636625596277e+08	2.781501056396e+10	4.333673431321e-01
9.799265819058e+06	1.455052676994e+09	-5.662297822841e+08	2.767236119055e+10	4.339991573187e-01
9.856769776313e+06	1.431692994058e+09	-5.687733439089e+08	2.753038126588e+10	4.346217431219e-01
9.914611177736e+06	1.408793383533e+09	-5.712938461629e+08	2.738906953570e+10	4.352351725806e-01
9.972792003513e+06	1.386341334552e+09	-5.737918787147e+08	2.724842459142e+10	4.358395180137e-01
1.003131424545e+07	1.364324805583e+09	-5.762680195692e+08	2.710844488166e+10	4.364348520984e-01
1.009017990705e+07	1.342732201961e+09	-5.787228353879e+08	2.696912872308e+10	4.370212479348e-01
1.014939100355e+07	1.321552354695e+09	-5.811568817992e+08	2.683047431033e+10	4.375987790979e-01
1.020894956203e+07	1.300774500492e+09	-5.835707037008e+08	2.669247972547e+10	4.381675196793e-01
1.026885762148e+07	1.280388262891e+09	-5.859648355531e+08	2.655514294664e+10	4.387275443186e-01
1.032911723282e+07	1.260383634453e+09	-5.883398016646e+08	2.641846185612e+10	4.392789282254e-01
1.038973045904e+07	1.240750959943e+09	-5.906961164690e+08	2.628243424789e+10	4.398217471939e-01
1.045069937520e+07	1.221480920431e+09	-5.930342847962e+08	2.614705783456e+10	4.403560776093e-01
1.051202606857e+07	1.202564518259e+09	-5.953548021342e+08	2.601233025389e+10	4.408819964480e-01
1.057371263865e+07	1.183993062820e+09	-5.976581548871e+08	2.587824907636e+10	4.413995812724e-01
1.063576119727e+07	1.165758157096e+09	-5.999448206217e+08	2.574481180274e+10	4.419089102195e-01
1.069817386864e+07	1.147851684903e+09	-6.022152683144e+08	2.561201588540e+10	4.424100619864e-01
1.076095278944e+07	1.130265798800e+09	-6.044699585874e+08	2.547985871706e+10	4.429031158106e-01
1.082410010891e+07	1.112992908623e+09	-6.067093439385e+08	2.534833764338e+10	4.433881514483e-01
1.088761798886e+07	1.096025670599e+09	-6.089338689653e+08	2.521744996562e+10	4.438652491498e-01
1.095150860383e+07	1.079356977001e+09	-6.111439705827e+08	2.508719294470e+10	4.443344896316e-01
1.101577414109e+07	1.062979946319e+09	-6.133400782370e+08	2.495756380504e+10	4.447959540483e-01
1.108041680075e+07	1.046887913924e+09	-6.155226141131e+08	2.482855973815e+10	4.452497239610e-01
1.114543879585e+07	1.031074423188e+09	-6.176919933372e+08	2.470017790603e+10	4.456958813058e-01
1.121084235239e+07	1.015533217060e+09	-6.198486241700e+08	2.457241544426e+10	4.461345083591e-01
1.127662970945e+07	1.000258230061e+09	-6.219929081984e+08	2.444526946482e+10	4.465656877025e-01
1.134280311924e+07	9.852435806733e+08	-6.241252405224e+08	2.431873705880e+10	4.469895021869e-01
1.140936484720e+07	9.704835641012e+08	-6.262460099600e+08	2.419281529868e+10	4.474060348946e-01
1.147631717205e+07	9.559726454015e+08	-6.283555991599e+08	2.406750124084e+10	4.478153691020e-01
1.154366238589e+07	9.417054528242e+08	-6.304543850525e+08	2.394279192680e+10	4.482175882409e-01
1.161140279426e+07	9.276767718236e+08	-6.325427380760e+08	2.381868438920e+10	4.486127758603e-01
1.167954071625e+07	9.138815373000e+08	-6.346210260560e+08	2.369517564274e+10	4.490010155879e-01
1.174807848453e+07	9.003148330883e+08	-6.366895946898e+08	2.357226277386e+10	4.493823910895e-01
1.181701844548e+07	8.869718273646e+08	-6.387488842815e+08	2.344994275742e+10	4.497569860228e-01
1.188636295925e+07	8.738478203639e+08	-6.407992183600e+08	2.332821333769e+10	4.501248839479e-01
1.195611439982e+07	8.609384454894e+08	-6.428408837781e+08	2.320707047757e+10	4.504861683515e-01
1.202627515512e+07	8.482392807340e+08	-6.448742303520e+08	2.308651141926e+10	4.508409227964e-01
1.209684762710e+07	8.357460640642e+08	-6.468995898787e+08	2.296653310977e+10	4.511892306368e-01
1.216783423177e+07	8.234546436509e+08	-6.489172928255e+08	2.284713252605e+10	4.515311750911e-01
1.223923739935e+07	8.113609780930e+08	-6.509276659599e+08	2.272830666038e+10	4.518668391779e-01
1.231105957431e+07	7.994611351318e+08	-6.529310313284e+08	2.261005249748e+10	4.521963056908e-01
1.238330321547e+07	7.877512864779e+08	-6.549277070069e+08	2.249236702651e+10	4.525196571671e-01
1.245597079606e+07	7.762277045335e+08	-6.569180070941e+08	2.237524723925e+10	4.528369758580e-01
1.252906480385e+07	7.648867588771e+08	-6.589022418775e+08	2.225869013125e+10	4.531483436982e-01
1.260258774120e+07	7.537249129882e+08	-6.608807179616e+08	2.214269270219e+10	4.534538422780e-01
1.267654212513e+07	7.427387210882e+08	-6.628537384011e+08	2.202725195627e+10	4.537535528155e-01
1.275093048747e+07	7.319248251059e+08	-6.648216028332e+08	2.191236490262e+10	4.540475561300e-01
1.282575537488e+07	7.212799517565e+08	-6.667846076017e+08	2.179802855575e+10	4.543359326181e-01
1.290101934897e+07	7.108009097227e+08	-6.687430458820e+08	2.168423993608e+10	4.546187622295e-01
1.297672498639e+07	7.004845869366e+08	-6.706972077946e+08	2.157099607052e+10	4.548961244461e-01
1.305287487890e+07	6.903279479630e+08	-6.726473805193e+08	2.145829399311e+10	4.551680982609e-01
1.312947163347e+07	6.803280314810e+08	-6.745938484103e+08	2.134613074572e+10	4.554347621583e-01
1.320651787238e+07	6.704819478728e+08	-6.765368931140e+08	2.123450337852e+10	4.556961940960e-01
1.328401623329e+07	6.607868769195e+08	-6.784767936843e+08	2.112340895050e+10	4.559524714862e-01
1.336196936934e+07	6.512400656055e+08	-6.804138266990e+08	2.101284452974e+10	4.562036711779e-01
1.344037994922e+07	6.418388260240e+08	-6.823482663772e+08	2.090280719355e+10	4.564498694396e-01
1.351925065731e+07	6.325805333749e+08	-6.842803846979e+08	2.079329402843e+10	4.566911419428e-01
1.359858419374e+07	6.234626240449e+08	-6.862104515198e+08	2.068430213005e+10	4.569275637459e-01
1.367838327445e+07	6.144825937543e+08	-6.881387346990e+08	2.057582860313e+10	4.571592092798e-01
1.375865063136e+07	6.056379957640e+08	-6.900655002030e+08	2.046787056145e+10	4.573861523340e-01
1.383938901241e+07	5.969264391330e+08	-6.919910122219e+08	2.036042512797e+10	4.576084660449e-01
1.392060118164e+07	5.883455870274e+08	-6.939155332788e+08	2.025348943501e+10	4.578262228844e-01
1.400228991934e+07	5.798931550817e+08	-6.958393243400e+08	2.014706062454e+10	4.580394946506e-01
1.408445802210e+07	5.715669098203e+08	-6.977626449263e+08	2.004113584844e+10	4.582483524583e-01
1.416710830293e+07	5.633646671438e+08	-6.996857532257e+08	1.993571226867e+10	4.584528667304e-01
1.425024359135e+07	5.552842908848e+08	-7.016089062043e+08	1.983078705740e+10	4.586531071898e-01
1.433386673346e+07	5.473236914295e+08	-7.035323597174e+08	1.972635739690e+10	4.588491428519e-01
1.441798059208e+07	5.394808244009e+08	-7.054563686157e+08	1.962242047938e+10	4.590410420165e-01
1.450258804685e+07	5.317536893913e+08	-7.073811868505e+08	1.951897350687e+10	4.592288722617e-01
1.458769199426e+07	5.241403287352e+08	-7.093070675753e+08	1.941601369096e+10	4.594127004379e-01
1.467329534783e+07	5.166388263127e+08	-7.112342632485e+08	1.931353825280e+10	4.595925926626e-01
1.475940103818e+07	5.092473063812e+08	-7.131630257411e+08	1.921154442309e+10	4.597686143168e-01
1.484601201312e+07	5.019639324374e+08	-7.150936064508e+08	1.911002944217e+10	4.599408300414e-01
1.493313123774e+07	4.947869061157e+08	-7.170262564260e+08	1.900899056002e+10	4.601093037350e-01
1.502076169455e+07	4.877144661314e+08	-7.189612264958e+08	1.890842503629e+10	4.602740985511e-01
1.510890638357e+07	4.807448872736e+08	-7.208987674035e+08	1.880833014007e+10	4.604352768965e-01
1.519756832240e+07	4.738764794473e+08	-7.228391299364e+08	1.870870314954e+10	4.605929004294e-01
1.528675054637e+07	4.671075867580e+08	-7.247825650462e+08	1.860954135163e+10	4.607470300574e-01
1.537645610860e+07	4.604365866265e+08	-7.267293239609e+08	1.851084204159e+10	4.608977259371e-01
1.546668808015e+07	4.538618889251e+08	-7.286796582771e+08	1.841260252278e+10	4.610450474736e-01
1.555744955008e+07	4.473819351200e+08	-7.306338200624e+08	1.831482010661e+10	4.611890533211e-01
1.564874362560e+07	4.409951974255e+08	-7.325920619518e+08	1.821749211264e+10	4.613298013843e-01
1.574057343213e+07	4.347001779728e+08	-7.345546372610e+08	1.812061586880e+10	4.614673488207e-01
1.583294211344e+07	4.284954080071e+08	-7.365218001162e+08	1.802418871152e+10	4.616017520421e-01
1.592585283176e+07	4.223794471260e+08	-7.384938055974e+08	1.792820798564e+10	4.617330667176e-01
1.601930876787e+07	4.163508825665e+08	-7.404709098905e+08	1.783267104407e+10	4.618613477751e-01
1.611331312119e+07	4.104083285377e+08	-7.424533704408e+08	1.773757524723e+10	4.619866494032e-01
1.620786910996e+07	4.045504255887e+08	-7.444414461043e+08	1.764291796224e+10	4.621090250537e-01
1.630297997127e+07	3.987758399913e+08	-7.464353972938e+08	1.754869656226e+10	4.622285274436e-01
1.639864896121e+07	3.930832631228e+08	-7.484354861225e+08	1.745490842593e+10	4.623452085587e-01
1.649487935501e+07	3.874714108395e+08	-7.504419765437e+08	1.736155093721e+10	4.624591196574e-01
1.659167444707e+07	3.819390228440e+08	-7.524551344878e+08	1.726862148550e+10	4.625703112755e-01
1.668903755115e+07	3.764848620618e+08	-7.544752279971e+08	1.717611746591e+10	4.626788332315e-01
1.678697200047e+07	3.711077140435e+08	-7.565025273596e+08	1.708403627950e+10	4.627847346319e-01
1.688548114778e+07	3.658063864097e+08	-7.585373052485e+08	1.699237533329e+10	4.628880638755e-01
1.698456836551e+07	3.605797083417e+08	-7.605798368721e+08	1.690113203989e+10	4.629888686590e-01
1.708423704591e+07	3.554265301118e+08	-7.626304001398e+08	1.681030381678e+10	4.630871959805e-01
1.718449060109e+07	3.503457226342e+08	-7.646892758459e+08	1.671988808532e+10	4.631830921445e-01
1.728533246321e+07	3.453361770174e+08	-7.667567478667e+08	1.662988226994e+10	4.632766027665e-01
1.738676608459e+07	3.403968041027e+08	-7.688331033681e+08	1.654028379744e+10	4.633677727784e-01
1.748879493776e+07	3.355265339850e+08	-7.709186330209e+08	1.645109009670e+10	4.634566464351e-01
1.759142251566e+07	3.307243155247e+08	-7.730136312211e+08	1.636229859865e+10	4.635432673203e-01
1.769465233172e+07	3.259891158694e+08	-7.751183963145e+08	1.627390673632e+10	4.636276783537e-01
1.779848792000e+07	3.213199200061e+08	-7.772332308178e+08	1.618591194471e+10	4.637099217974e-01
1.790293283528e+07	3.167157303569e+08	-7.793584416277e+08	1.609831166040e+10	4.637900392619e-01
1.800799065320e+07	3.121755664170e+08	-7.814943402146e+08	1.601110332088e+10	4.638680717122e-01
1.811366497039e+07	3.076984644197e+08	-7.836412428102e+08	1.592428436363e+10	4.639440594734e-01
1.821995940460e+07	3.032834770027e+08	-7.857994706096e+08	1.583785222527e+10	4.640180422370e-01
1.832687759477e+07	2.989296728557e+08	-7.879693500120e+08	1.575180434090e+10	4.640900590671e-01
1.843442320124e+07	2.946361363405e+08	-7.901512129045e+08	1.566613814377e+10	4.641601484073e-01
1.854259990581e+07	2.904019670953e+08	-7.923453969804e+08	1.558085106512e+10	4.642283480882e-01
1.865141141186e+07	2.862262796514e+08	-7.945522460353e+08	1.549594053424e+10	4.642946953347e-01
1.876086144455e+07	2.821082030824e+08	-7.967721102579e+08	1.541140397824e+10	4.643592267724e-01
1.887095375087e+07	2.780468807060e+08	-7.990053464733e+08	1.532723882151e+10	4.644219784349e-01
1.898169209979e+07	2.740414698257e+08	-8.012523183975e+08	1.524344248463e+10	4.644829857697e-01
1.909308028243e+07	2.700911414902e+08	-8.035133969355e+08	1.516001238292e+10	4.645422836446e-01
1.920512211213e+07	2.661950802384e+08	-8.057889605498e+08	1.507694592492e+10	4.645999063538e-01
1.931782142461e+07	2.623524838100e+08	-8.080793956878e+08	1.499424051117e+10	4.646558876252e-01
1.943118207811e+07	2.585625628235e+08	-8.103850972390e+08	1.491189353359e+10	4.647102606274e-01
1.954520795350e+07	2.548245404406e+08	-8.127064689903e+08	1.482990237521e+10	4.647630579772e-01
1.965990295444e+07	2.511376520519e+08	-8.150439240609e+08	1.474826440994e+10	4.648143117472e-01
1.977527100748e+07	2.475011450044e+08	-8.173978853146e+08	1.466697700200e+10	4.648640534726e-01
1.989131606221e+07	2.439142783739e+08	-8.197687857554e+08	1.458603750487e+10	4.649123141581e-01
2.000804209142e+07	2.403763227529e+08	-8.221570689226e+08	1.450544326004e+10	4.649591242843e-01
2.012545309118e+07	2.368865600178e+08	-8.245631893200e+08	1.442519159609e+10	4.650045138147e-01
2.024355308104e+07	2.334442830543e+08	-8.269876129274e+08	1.434527982812e+10	4.650485122026e-01
2.036234610412e+07	2.300487954624e+08	-8.294308178228e+08	1.426570525723e+10	4.650911483980e-01
2.048183622728e+07	2.266994112930e+08	-8.318932948818e+08	1.418646516944e+10	4.651324508549e-01
2.060202754122e+07	2.233954548667e+08	-8.343755484796e+08	1.410755683336e+10	4.651724475374e-01
2.072292416068e+07	2.201362606732e+08	-8.368780970845e+08	1.402897749711e+10	4.652111659254e-01
2.084453022451e+07	2.169211732755e+08	-8.394014738314e+08	1.395072438521e+10	4.652486330215e-01
2.096684989587e+07	2.137495471519e+08	-8.419462268757e+08	1.387279469748e+10	4.652848753570e-01
2.108988736235e+07	2.106207463148e+08	-8.445129206778e+08	1.379518560782e+10	4.653199190002e-01
2.121364683611e+07	2.075341441070e+08	-8.471021349962e+08	1.371789427058e+10	4.653537895632e-01
2.133813255401e+07	2.044891221319e+08	-8.497144723835e+08	1.364091780423e+10	4.653865122098e-01
2.146334877781e+07	2.014850722419e+08	-8.523505383815e+08	1.356425334427e+10	4.654181116612e-01
2.158929979424e+07	1.985213893184e+08	-8.550110106599e+08	1.348789785893e+10	4.654486122018e-01
2.171598991521e+07	1.955974943366e+08	-8.576964168204e+08	1.341184872396e+10	4.654780376827e-01
2.184342347793e+07	1.927127600699e+08	-8.604078543869e+08	1.333610182339e+10	4.655064115311e-01
2.197160484505e+07	1.898667467393e+08	-8.631446427214e+08	1.326065760904e+10	4.655337567295e-01
2.210053840484e+07	1.870584419312e+08	-8.659118139859e+08	1.318550134716e+10	4.655600958542e-01
2.223022857130e+07	1.842886443624e+08	-8.686956522452e+08	1.311066550377e+10	4.655854507477e-01
2.236067978434e+07	1.815522807011e+08	-8.715405751425e+08	1.303602595140e+10	4.656098426296e-01
2.249189650993e+07	1.788621917735e+08	-8.742983837450e+08	1.296193518469e+10	4.656332879622e-01
2.262388324025e+07	1.761723921449e+08	-8.774062043127e+08	1.288714366255e+10	4.656557960626e-01
2.275664449383e+07	1.736108867193e+08	-8.794230365270e+08	1.281510513645e+10	4.656773144460e-01
2.289018481572e+07	1.708075538204e+08	-8.869055720916e+08	1.273532030291e+10	4.656976548191e-01
2.302450877763e+07	1.690145049855e+08	-8.710324366559e+08	1.268111487718e+10	4.657157452314e-01
2.315962097812e+07	1.232142829171e+08	-1.528166679413e+09	1.134459653062e+10	4.657282464027e-01
2.329552604273e+07	4.643095819314e+07	-3.140111343778e+09	6.397917759516e+09	4.657268249770e-01
2.343222862412e+07	4.616180359788e+07	-3.122214241645e+09	6.381654743039e+09	4.657172882937e-01
2.356973340229e+07	4.575704407219e+07	-3.112135603763e+09	6.357192677138e+09	4.657109018338e-01
2.370804508467e+07	4.539406425820e+07	-3.100722913590e+09	6.335068016562e+09	4.657039164807e-01
2.384716840633e+07	4.502560381711e+07	-3.089679614194e+09	6.312520630323e+09	4.656970929219e-01
2.398710813013e+07	4.466226054623e+07	-3.078589212328e+09	6.290162808157e+09	4.656902468124e-01
2.412786904686e+07	4.430150865111e+07	-3.067548265559e+09	6.267852448741e+09	4.656834211867e-01
2.426945597545e+07	4.394390447075e+07	-3.056533930665e+09	6.245621873752e+09	4.656766058512e-01
2.441187376309e+07	4.358928648491e+07	-3.045551422466e+09	6.223463398310e+09	4.656698031571e-01
2.455512728542e+07	4.323766097825e+07	-3.034599378552e+09	6.201378522653e+09	4.656630125038e-01
2.469922144668e+07	4.288899531262e+07	-3.023677980934e+09	6.179366621789e+09	4.656562339856e-01
2.484416117991e+07	4.254326630853e+07	-3.012787041889e+09	6.157427672648e+09	4.656494675335e-01
2.498995144709e+07	4.220044864355e+07	-3.001926475981e+09	6.135561290587e+09	4.656427131169e-01
2.513659723931e+07	4.186051805872e+07	-2.991096154404e+09	6.113767444952e+09	4.656359706965e-01
2.528410357696e+07	4.152345005863e+07	-2.980295977017e+09	6.092045749036e+09	4.656292402351e-01
2.543247550987e+07	4.118922072503e+07	-2.969525817800e+09	6.070396182738e+09	4.656225216950e-01
2.558171811753e+07	4.085780595300e+07	-2.958785577954e+09	6.048818359389e+09	4.656158150388e-01
2.573183650922e+07	4.052918221745e+07	-2.948075132173e+09	6.027312253062e+09	4.656091202291e-01
2.588283582421e+07	4.020332585813e+07	-2.937394380105e+09	6.005877493527e+09	4.656024372288e-01
2.603472123192e+07	3.988021375440e+07	-2.926743197348e+09	5.984514041568e+09	4.655957660005e-01
2.618749793212e+07	3.955982263410e+07	-2.916121484606e+09	5.963221533904e+09	4.655891065072e-01
2.634117115508e+07	3.924212974757e+07	-2.905529118663e+09	5.941999925222e+09	4.655824587117e-01
2.649574616176e+07	3.892711221890e+07	-2.894966000039e+09	5.920848855513e+09	4.655758225772e-01
2.665122824401e+07	3.861474773580e+07	-2.884432003178e+09	5.899768303842e+09	4.655691980667e-01
2.680762272471e+07	3.830501384335e+07	-2.873927028630e+09	5.878757901100e+09	4.655625851433e-01
2.696493495800e+07	3.799788858548e+07	-2.863450952783e+09	5.857817614285e+09	4.655559837702e-01
2.712317032942e+07	3.769334985429e+07	-2.853003676776e+09	5.836947090313e+09	4.655493939106e-01
2.728233425612e+07	3.739137606766e+07	-2.842585077184e+09	5.816146285993e+09	4.655428155279e-01
2.744243218704e+07	3.709194552316e+07	-2.832195054392e+09	5.795414850968e+09	4.655362485853e-01
2.760346960310e+07	3.679503703312e+07	-2.821833483852e+09	5.774752761579e+09	4.655296930464e-01
2.776545201737e+07	3.650062926340e+07	-2.811500265873e+09	5.754159668527e+09	4.655231488744e-01
2.792838497528e+07	3.620870133882e+07	-2.801195278111e+09	5.733635533417e+09	4.655166160329e-01
2.809227405480e+07	3.591923224973e+07	-2.790918422059e+09	5.713180008735e+09	4.655100944853e-01
2.825712486664e+07	3.563220150938e+07	-2.780669573811e+09	5.692793077534e+09	4.655035841952e-01
2.842294305442e+07	3.534758850376e+07	-2.770448634788e+09	5.672474387115e+09	4.654970851262e-01
2.858973429490e+07	3.506537310393e+07	-2.760255482617e+09	5.652223898033e+09	4.654905972417e-01
2.875750429812e+07	3.478553506951e+07	-2.750090017715e+09	5.632041272082e+09	4.654841205055e-01
2.892625880767e+07	3.450805464750e+07	-2.739952115623e+09	5.611926494752e+09	4.654776548810e-01
2.909600360079e+07	3.423291191130e+07	-2.729841678439e+09	5.591879217140e+09	4.654712003320e-01
2.926674448868e+07	3.396008738361e+07	-2.719758584569e+09	5.571899402101e+09	4.654647568221e-01
2.943848731659e+07	3.368956148802e+07	-2.709702734376e+09	5.551986718515e+09	4.654583243148e-01
2.961123796412e+07	3.342131516570e+07	-2.699674001800e+09	5.532141163625e+09	4.654519027740e-01
2.978500234533e+07	3.315532920351e+07	-2.689672287827e+09	5.512362390199e+09	4.654454921631e-01
2.995978640901e+07	3.289158480572e+07	-2.679697470625e+09	5.492650367278e+09	4.654390924459e-01
3.013559613884e+07	3.263006302939e+07	-2.669749452006e+09	5.473004768421e+09	4.654327035861e-01
3.031243755363e+07	3.237074539086e+07	-2.659828109902e+09	5.453425568461e+09	4.654263255472e-01
3.049031670752e+07	3.211361332584e+07	-2.649933344529e+09	5.433912441096e+09	4.654199582930e-01
3.066923969013e+07	3.185864874200e+07	-2.640065031890e+09	5.414465365191e+09	4.654136017870e-01
3.084921262687e+07	3.160583341671e+07	-2.630223071093e+09	5.395084016572e+09	4.654072559929e-01
3.103024167906e+07	3.135514953732e+07	-2.620407338216e+09	5.375768385051e+09	4.654009208742e-01
3.121233304419e+07	3.110657908058e+07	-2.610617736820e+09	5.356518140241e+09	4.653945963946e-01
3.139549295612e+07	3.086010447305e+07	-2.600854145799e+09	5.337333253974e+09	4.653882825175e-01
3.157972768527e+07	3.061570807014e+07	-2.591116465486e+09	5.318213411570e+09	4.653819792065e-01
3.176504353888e+07	3.037337270229e+07	-2.581404570863e+09	5.299158606225e+09	4.653756864251e-01
3.195144686121e+07	3.013308107575e+07	-2.571718360820e+09	5.280168528492e+09	4.653694041367e-01
3.213894403370e+07	2.989481628308e+07	-2.562057713224e+09	5.261243137355e+09	4.653631323048e-01
3.232754147530e+07	2.965856129966e+07	-2.552422528086e+09	5.242382132772e+09	4.653568708927e-01
3.251724564259e+07	2.942429951046e+07	-2.542812682980e+09	5.223585482372e+09	4.653506198637e-01
3.270806303005e+07	2.919201416275e+07	-2.533228078058e+09	5.204852872959e+09	4.653443791812e-01
3.290000017026e+07	2.896168891993e+07	-2.523668587726e+09	5.186184333566e+09	4.653381488084e-01
3.309306363414e+07	2.873330725812e+07	-2.514134115616e+09	5.167579527312e+09	4.653319287084e-01
3.328726003118e+07	2.850685315766e+07	-2.504624537309e+09	5.149038438153e+09	4.653257188445e-01
3.348259600965e+07	2.828231052695e+07	-2.495139749917e+09	5.130560769039e+09	4.653195191797e-01
3.367907825682e+07	2.805966364704e+07	-2.485679627812e+09	5.112146513677e+09	4.653133296770e-01
3.387671349922e+07	2.783889658111e+07	-2.476244071994e+09	5.093795370595e+09	4.653071502994e-01
3.407550850285e+07	2.761999382947e+07	-2.466832957381e+09	5.075507327387e+09	4.653009810097e-01
3.427547007339e+07	2.740293977795e+07	-2.457446182364e+09	5.057282102263e+09	4.652948217709e-01
3.447660505650e+07	2.718771920750e+07	-2.448083623118e+09	5.039119664760e+09	4.652886725456e-01
3.467892033798e+07	2.697431677272e+07	-2.438745178370e+09	5.021019734101e+09	4.652825332965e-01
3.488242284405e+07	2.676271748398e+07	-2.429430725345e+09	5.002982285337e+09	4.652764039863e-01
3.508711954155e+07	2.655290624616e+07	-2.420140162372e+09	4.985007035591e+09	4.652702845774e-01
3.529301743825e+07	2.634486836681e+07	-2.410873363998e+09	4.967093983607e+09	4.652641750322e-01
3.550012358300e+07	2.613858905815e+07	-2.401630226812e+09	4.949242846922e+09	4.652580753131e-01
3.570844506603e+07	2.593405391559e+07	-2.392410625529e+09	4.931453603374e+09	4.652519853823e-01
3.591798901917e+07	2.573124843384e+07	-2.383214455961e+09	4.913725977792e+09	4.652459052020e-01
3.612876261613e+07	2.553015847360e+07	-2.374041590432e+09	4.896059975784e+09	4.652398347342e-01
3.634077307267e+07	2.533076973185e+07	-2.364891925764e+09	4.878455323943e+09	4.652337739408e-01
3.655402764693e+07	2.513306822100e+07	-2.355765338998e+09	4.860911986669e+09	4.652277227838e-01
3.676853363963e+07	2.493703984953e+07	-2.346661727637e+09	4.843429701327e+09	4.652216812247e-01
3.698429839432e+07	2.474267091025e+07	-2.337580965408e+09	4.826008466509e+09	4.652156492253e-01
3.720132929767e+07	2.454994761060e+07	-2.328522947238e+09	4.808648021554e+09	4.652096267471e-01
3.741963377968e+07	2.435885652275e+07	-2.319487546208e+09	4.791348339337e+09	4.652036137514e-01
3.763921931394e+07	2.416938415145e+07	-2.310474654326e+09	4.774109164757e+09	4.651976101995e-01
3.786009341792e+07	2.398151739273e+07	-2.301484137482e+09	4.756930537603e+09	4.651916160526e-01
3.808226365318e+07	2.379524288173e+07	-2.292515894171e+09	4.739812160246e+09	4.651856312716e-01
3.830573762568e+07	2.361054757489e+07	-2.283569798856e+09	4.722754026902e+09	4.651796558175e-01
3.853052298599e+07	2.342741833189e+07	-2.274645746859e+09	4.705755887790e+09	4.651736896509e-01
3.875662742958e+07	2.324584239035e+07	-2.265743609974e+09	4.688817739685e+09	4.651677327325e-01
3.898405869709e+07	2.306580692790e+07	-2.256863279723e+09	4.671939333523e+09	4.651617850228e-01
3.921282457457e+07	2.288729946616e+07	-2.248004626084e+09	4.655120655125e+09	4.651558464820e-01
3.944293289377e+07	2.271030741202e+07	-2.239167540025e+09	4.638361462123e+09	4.651499170703e-01
3.967439153238e+07	2.253481855872e+07	-2.230351884877e+09	4.621661806303e+09	4.651439967476e-01
3.990720841435e+07	2.236082049041e+07	-2.221557554608e+09	4.605021413064e+09	4.651380854738e-01
4.014139151011e+07	2.218830110005e+07	-2.212784421129e+09	4.588440261739e+09	4.651321832086e-01
4.037694883684e+07	2.201724815881e+07	-2.204032376774e+09	4.571918118539e+09	4.651262899113e-01
4.061388845881e+07	2.184764978400e+07	-2.195301290057e+09	4.555454994390e+09	4.651204055415e-01
4.085221848759e+07	2.167949404656e+07	-2.186591047966e+09	4.539050655414e+09	4.651145300582e-01
4.109194708235e+07	2.151276941365e+07	-2.177901511173e+09	4.522705137864e+09	4.651086634203e-01
4.133308245013e+07	2.134746415727e+07	-2.169232569395e+09	4.506418187624e+09	4.651028055867e-01
4.157563284615e+07	2.118356682793e+07	-2.160584090263e+09	4.490189805619e+09	4.650969565160e-01
4.181960657407e+07	2.102106585726e+07	-2.151955962444e+09	4.474019769848e+09	4.650911161664e-01
4.206501198627e+07	2.085995000316e+07	-2.143348051604e+09	4.457908091180e+09	4.650852844962e-01
4.231185748414e+07	2.070020794070e+07	-2.134760243601e+09	4.441854552176e+09	4.650794614634e-01
4.256015151838e+07	2.054182868022e+07	-2.126192400991e+09	4.425859166477e+09	4.650736470257e-01
4.280990258928e+07	2.038480112818e+07	-2.117644407622e+09	4.409921716604e+09	4.650678411407e-01
4.306111924701e+07	2.022911450885e+07	-2.109116124722e+09	4.394042216440e+09	4.650620437658e-01
4.331381009191e+07	2.007475793905e+07	-2.100607434179e+09	4.378220452337e+09	4.650562548579e-01
4.356798377479e+07	1.992172082569e+07	-2.092118195399e+09	4.362456462298e+09	4.650504743741e-01
4.382364899722e+07	1.976999235427e+07	-2.083648297725e+09	4.346750002855e+09	4.650447022708e-01
4.408081451184e+07	1.961956210531e+07	-2.075197600863e+09	4.331101100037e+09	4.650389385046e-01
4.433948912266e+07	1.947041959556e+07	-2.066765984132e+09	4.315509549928e+09	4.650331830315e-01
4.459968168534e+07	1.932255467736e+07	-2.058353301297e+09	4.299975399647e+09	4.650274358075e-01
4.486140110751e+07	1.917595707328e+07	-2.049959429324e+09	4.284498448999e+09	4.650216967882e-01
4.512465634906e+07	1.903061678121e+07	-2.041584224077e+09	4.269078718571e+09	4.650159659289e-01
4.538945642249e+07	1.888652365689e+07	-2.033227564381e+09	4.253716013679e+09	4.650102431848e-01
4.565581039316e+07	1.874366783539e+07	-2.024889308198e+09	4.238410344983e+09	4.650045285106e-01
4.592372737962e+07	1.860203936415e+07	-2.016569332330e+09	4.223161521172e+09	4.649988218608e-01
4.619321655397e+07	1.846162862593e+07	-2.008267486945e+09	4.207969604479e+09	4.649931231898e-01
4.646428714209e+07	1.832242589778e+07	-1.999983644730e+09	4.192834401533e+09	4.649874324514e-01
4.673694842402e+07	1.818442174437e+07	-1.991717655878e+09	4.177755948549e+09	4.649817495993e-01
4.701120973426e+07	1.804760659255e+07	-1.983469393196e+09	4.162734061684e+09	4.649760745868e-01
4.728708046207e+07	1.791197115728e+07	-1.975238707078e+09	4.147768770221e+09	4.649704073669e-01
4.756457005183e+07	1.777750606858e+07	-1.967025467218e+09	4.132859895808e+09	4.649647478922e-01
4.784368800333e+07	1.764420230541e+07	-1.958829514235e+09	4.118007533550e+09	4.649590961153e-01
4.812444387210e+07	1.751205066924e+07	-1.950650717590e+09	4.103211486433e+09	4.649534519879e-01
4.840684726975e+07	1.738104226661e+07	-1.942488921679e+09	4.088471796314e+09	4.649478154618e-01
4.869090786430e+07	1.725116808600e+07	-1.934343992470e+09	4.073788294297e+09	4.649421864882e-01
4.897663538049e+07	1.712241942913e+07	-1.926215769808e+09	4.059161049918e+09	4.649365650182e-01
4.926403960013e+07	1.699478746837e+07	-1.918104116579e+09	4.044589895549e+09	4.649309510021e-01
4.955313036245e+07	1.686826366045e+07	-1.910008871441e+09	4.030074892806e+09	4.649253443903e-01
4.984391756439e+07	1.674283933963e+07	-1.901929895573e+09	4.015615881991e+09	4.649197451323e-01
5.013641116099e+07	1.661850615173e+07	-1.893867023983e+09	4.001212937187e+09	4.649141531778e-01
5.043062116569e+07	1.649525562510e+07	-1.885820114169e+09	3.986865900082e+09	4.649085684755e-01
5.072655765070e+07	1.637307960523e+07	-1.877788996279e+09	3.972574860247e+09	4.649029909740e-01
5.102423074735e+07	1.625196979152e+07	-1.869773525540e+09	3.958339659325e+09	4.648974206214e-01
5.132365064638e+07	1.613191819038e+07	-1.861773530016e+09	3.944160385872e+09	4.648918573654e-01
5.162482759839e+07	1.601291667959e+07	-1.853788861353e+09	3.930036891862e+09	4.648863011532e-01
5.192777191408e+07	1.589495743780e+07	-1.845819343763e+09	3.915969277316e+09	4.648807519315e-01
5.223249396468e+07	1.577803248063e+07	-1.837864827654e+09	3.901957390667e+09	4.648752096467e-01
5.253900418228e+07	1.566213417112e+07	-1.829925132003e+09	3.888001351025e+09	4.648696742444e-01
5.284731306019e+07	1.554725471185e+07	-1.822000103367e+09	3.874101006207e+09	4.648641456700e-01
5.315743115328e+07	1.543338664935e+07	-1.814089556621e+09	3.860256479647e+09	4.648586238683e-01
5.346936907838e+07	1.532052237457e+07	-1.806193333255e+09	3.846467636458e+09	4.648531087834e-01
5.378313751460e+07	1.520865460305e+07	-1.798311244594e+09	3.832734602246e+09	4.648476003592e-01
5.409874720374e+07	1.509777589920e+07	-1.790443128261e+09	3.819057248733e+09	4.648420985388e-01
5.441620895061e+07	1.498787915946e+07	-1.782588791006e+09	3.805435707765e+09	4.648366032648e-01
5.473553362344e+07	1.487895712307e+07	-1.774748065773e+09	3.791869856818e+09	4.648311144792e-01
5.505673215424e+07	1.477100283376e+07	-1.766920755335e+09	3.778359833400e+09	4.648256321235e-01
5.537981553916e+07	1.466400916323e+07	-1.759106689418e+09	3.764905522025e+09	4.648201561384e-01
5.570479483888e+07	1.455796932839e+07	-1.751305664466e+09	3.751507084656e+09	4.648146864643e-01
5.603168117900e+07	1.445287640159e+07	-1.743517504162e+09	3.738164411374e+09	4.648092230406e-01
5.636048575039e+07	1.434872382340e+07	-1.735741997582e+09	3.724877673479e+09	4.648037658063e-01
5.669121980960e+07	1.424550488248e+07	-1.727978961561e+09	3.711646771473e+09	4.647983146996e-01
5.702389467922e+07	1.414321317831e+07	-1.720228181596e+09	3.698471871525e+09	4.647928696581e-01
5.735852174831e+07	1.404184214944e+07	-1.712489468448e+09	3.685352899061e+09	4.647874306186e-01
5.769511247274e+07	1.394138550639e+07	-1.704762604658e+09	3.672290010678e+09	4.647819975172e-01
5.803367837561e+07	1.384183683822e+07	-1.697047393136e+09	3.659283170404e+09	4.647765702894e-01
5.837423104765e+07	1.374319001154e+07	-1.689343611573e+09	3.646332536198e+09	4.647711488696e-01
5.871678214760e+07	1.364543886258e+07	-1.681651053803e+09	3.633438080021e+09	4.647657331918e-01
5.906134340261e+07	1.354857754845e+07	-1.673969486132e+09	3.620599963225e+09	4.647603231889e-01
5.940792660865e+07	1.345260018161e+07	-1.666298687707e+09	3.607818209425e+09	4.647549187932e-01
5.975654363093e+07	1.335750101400e+07	-1.658638422119e+09	3.595092981700e+09	4.647495199360e-01
6.010720640425e+07	1.326327408089e+07	-1.650988480614e+09	3.582424222333e+09	4.647441265476e-01
6.045992693348e+07	1.316991376336e+07	-1.643348618626e+09	3.569812143842e+09	4.647387385576e-01
6.081471729392e+07	1.307741457741e+07	-1.635718593063e+09	3.557256834650e+09	4.647333558947e-01
6.117158963173e+07	1.298577127630e+07	-1.628098143850e+09	3.544758466811e+09	4.647279784866e-01
6.153055616435e+07	1.289497849712e+07	-1.620487027707e+09	3.532317087665e+09	4.647226062598e-01
6.189162918092e+07	1.280503076083e+07	-1.612885006441e+09	3.519932813055e+09	4.647172391401e-01
6.225482104268e+07	1.271592295359e+07	-1.605291812358e+09	3.507605819688e+09	4.647118770521e-01
6.262014418343e+07	1.262765017149e+07	-1.597707169719e+09	3.495336285924e+09	4.647065199194e-01
6.298761110991e+07	1.254020748025e+07	-1.590130810573e+09	3.483124322034e+09	4.647011676643e-01
6.335723440227e+07	1.245358999998e+07	-1.582562460336e+09	3.470970113294e+09	4.646958202083e-01
6.372902671446e+07	1.236779300502e+07	-1.575001834571e+09	3.458873837568e+09	4.646904774714e-01
6.410300077472e+07	1.228281187877e+07	-1.567448643299e+09	3.446835683132e+09	4.646851393726e-01
6.447916938595e+07	1.219864210419e+07	-1.559902590969e+09	3.434855841765e+09	4.646798058296e-01
6.485754542621e+07	1.211527927175e+07	-1.552363375880e+09	3.422934507785e+09	4.646744767587e-01
6.523814184909e+07	1.203271910937e+07	-1.544830686123e+09	3.411071911911e+09	4.646691520751e-01
6.562097168423e+07	1.195095744688e+07	-1.537304203928e+09	3.399268285512e+09	4.646638316925e-01
6.600604803773e+07	1.186999023393e+07	-1.529783603607e+09	3.387523872119e+09	4.646585155231e-01
6.639338409256e+07	1.178981354210e+07	-1.522268551286e+09	3.375838928168e+09	4.646532034778e-01
6.678299310910e+07	1.171042356710e+07	-1.514758704560e+09	3.364213723606e+09	4.646478954659e-01
6.717488842552e+07	1.163181663241e+07	-1.507253712081e+09	3.352648542508e+09	4.646425913953e-01
6.756908345825e+07	1.155398919246e+07	-1.499753213148e+09	3.341143683705e+09	4.646372911719e-01
6.796559170248e+07	1.147693783628e+07	-1.492256837275e+09	3.329699461474e+09	4.646319947004e-01
6.836442673256e+07	1.140065929134e+07	-1.484764203724e+09	3.318316206261e+09	4.646267018836e-01
6.876560220252e+07	1.132515042767e+07	-1.477274921014e+09	3.306994265328e+09	4.646214126223e-01
6.916913184650e+07	1.125040826230e+07	-1.469788586405e+09	3.295734004148e+09	4.646161268158e-01
6.957502947926e+07	1.117642996396e+07	-1.462304785339e+09	3.284535806124e+09	4.646108443613e-01
6.998330899658e+07	1.110321285820e+07	-1.454823090857e+09	3.273400074659e+09	4.646055651540e-01
7.039398437584e+07	1.103075443281e+07	-1.447343062975e+09	3.262327233563e+09	4.646002890872e-01
7.080706967640e+07	1.095905234364e+07	-1.439864248015e+09	3.251317728219e+09	4.645950160518e-01
7.122257904013e+07	1.088810442095e+07	-1.432386177901e+09	3.240372026702e+09	4.645897459369e-01
7.164052669191e+07	1.081790867603e+07	-1.424908369402e+09	3.229490620968e+09	4.645844786289e-01
7.206092694007e+07	1.074846330856e+07	-1.417430323329e+09	3.218674028137e+09	4.645792140120e-01
7.248379417691e+07	1.067976671431e+07	-1.409951523668e+09	3.207922791851e+09	4.645739519679e-01
7.290914287920e+07	1.061181749357e+07	-1.402471436668e+09	3.197237483742e+09	4.645686923758e-01
7.333698760864e+07	1.054461446016e+07	-1.394989509852e+09	3.186618704995e+09	4.645634351121e-01
7.376734301239e+07	1.047815665118e+07	-1.387505170961e+09	3.176067088032e+09	4.645581800504e-01
7.420022382358e+07	1.041244333747e+07	-1.380017826823e+09	3.165583298315e+09	4.645529270616e-01
7.463564486178e+07	1.034747403502e+07	-1.372526862140e+09	3.155168036292e+09	4.645476760134e-01
7.507362103351e+07	1.028324851716e+07	-1.365031638181e+09	3.144822039483e+09	4.645424267704e-01
7.551416733279e+07	1.021976682784e+07	-1.357531491374e+09	3.134546084737e+09	4.645371791938e-01
7.595729884161e+07	1.015702929605e+07	-1.350025731795e+09	3.124340990660e+09	4.645319331417e-01
7.640303073049e+07	1.009503655129e+07	-1.342513641533e+09	3.114207620243e+09	4.645266884681e-01
7.685137825894e+07	1.003378954056e+07	-1.334994472925e+09	3.104146883703e+09	4.645214450238e-01
7.730235677603e+07	9.973289546704e+06	-1.327467446648e+09	3.094159741560e+09	4.645162026552e-01
7.775598172091e+07	9.913538208402e+06	-1.319931749651e+09	3.084247207974e+09	4.645109612050e-01
7.821226862331e+07	9.854537541950e+06	-1.312386532914e+09	3.074410354373e+09	4.645057205113e-01
7.867123310412e+07	9.796289965031e+06	-1.304830909011e+09	3.064650313396e+09	4.645004804079e-01
7.913289087588e+07	9.738798322688e+06	-1.297263949462e+09	3.054968283190e+09	4.644952407237e-01
7.959725774331e+07	9.682065915735e+06	-1.289684681843e+09	3.045365532097e+09	4.644900012827e-01
8.006434960393e+07	9.626096531907e+06	-1.282092086637e+09	3.035843403785e+09	4.644847619037e-01
8.053418244849e+07	9.570894480050e+06	-1.274485093791e+09	3.026403322850e+09	4.644795224000e-01
8.100677236163e+07	9.516464627717e+06	-1.266862578935e+09	3.017046800980e+09	4.644742825791e-01
8.148213552234e+07	9.462812442594e+06	-1.259223359251e+09	3.007775443712e+09	4.644690422425e-01
8.196028820456e+07	9.409944038213e+06	-1.251566188912e+09	2.998590957880e+09	4.644638011850e-01
8.244124677775e+07	9.357866224511e+06	-1.243889754072e+09	2.989495159830e+09	4.644585591950e-01
8.292502770739e+07	9.306586563855e+06	-1.236192667330e+09	2.980489984630e+09	4.644533160532e-01
8.341164755563e+07	9.256113433267e+06	-1.228473461599e+09	2.971577495493e+09	4.644480715332e-01
8.390112298177e+07	9.206456093675e+06	-1.220730583319e+09	2.962759896229e+09	4.644428254001e-01
8.439347074288e+07	9.157624767188e+06	-1.212962384901e+09	2.954039542410e+09	4.644375774107e-01
8.488870769438e+07	9.109630723523e+06	-1.205167116315e+09	2.945418955888e+09	4.644323273127e-01
8.538685079059e+07	9.062486376935e+06	-1.197342915683e+09	2.936900840209e+09	4.644270748437e-01
8.588791708531e+07	9.016205395216e+06	-1.189487798742e+09	2.928488098041e+09	4.644218197315e-01
8.639192373243e+07	8.970802822634e+06	-1.181599647006e+09	2.920183850799e+09	4.644165616924e-01
8.689888798650e+07	8.926295219013e+06	-1.173676194411e+09	2.911991460787e+09	4.644113004311e-01
8.740882720332e+07	8.882700817595e+06	-1.165715012223e+09	2.903914556294e+09	4.644060356397e-01
8.792175884053e+07	8.840039704832e+06	-1.157713491903e+09	2.895957060096e+09	4.644007669964e-01
8.843770045824e+07	8.798334025902e+06	-1.149668825590e+09	2.888123221980e+09	4.643954941649e-01
8.895666971957e+07	8.757608220545e+06	-1.141577983794e+09	2.880417655987e+09	4.643902167932e-01
8.947868439131e+07	8.717889294814e+06	-1.133437689772e+09	2.872845383224e+09	4.643849345122e-01
9.000376234452e+07	8.679207135580e+06	-1.125244389998e+09	2.865411881314e+09	4.643796469342e-01
9.053192155512e+07	8.641594876239e+06	-1.116994219937e+09	2.858123141764e+09	4.643743536514e-01
9.106318010450e+07	8.605089324114e+06	-1.108682964213e+09	2.850985736866e+09	4.643690542344e-01
9.159755618018e+07	8.569731462658e+06	-1.100306009980e+09	2.844006898109e+09	4.643637482295e-01
9.213506807640e+07	8.535567045044e+06	-1.091858292047e+09	2.837194608640e+09	4.643584351572e-01
9.267573419474e+07	8.502647300246e+06	-1.083334227884e+09	2.830557712952e+09	4.643531145090e-01
9.321957304479e+07	8.471029778828e+06	-1.074727640174e+09	2.824106047886e+09	4.643477857446e-01
9.376660324474e+07	8.440779373990e+06	-1.066031663949e+09	2.817850600257e+09	4.643424482889e-01
9.431684352203e+07	8.411969565192e+06	-1.057238634741e+09	2.811803698145e+09	4.643371015278e-01
9.487031271401e+07	8.384683949073e+06	-1.048339954430e+09	2.805979245535e+09	4.643317448059e-01
9.542702976857e+07	8.359018150859e+06	-1.039325935917e+09	2.800393015056e+09	4.643263774285e-01
9.598701374478e+07	8.335082263502e+06	-1.030185652204e+09	2.795063025835e+09	4.643209986875e-01
9.655028381357e+07	8.313004087899e+06	-1.020906926916e+09	2.790010072460e+09	4.643156079918e-01
9.711685925834e+07	8.292933800357e+06	-1.011477090755e+09	2.785258612324e+09	4.643102054420e-01
9.768675947567e+07	8.275051773200e+06	-1.001887229377e+09	2.780838758140e+09	4.643047942965e-01
9.826000397597e+07	8.259584787251e+06	-9.921516272302e+08	2.776792188053e+09	4.642993914283e-01
9.883661238411e+07	8.246846213978e+06	-9.823916175396e+08	2.773192390905e+09	4.642940710661e-01
9.941660444016e+07	8.237345175361e+06	-9.731755590073e+08	2.770215305780e+09	4.642891389531e-01
