5.000000000000e+06	1.065102653959e+11	-1.991805108785e+08	3.738469335970e+10	5.870031705005e+29
5.052010023411e+06	1.000727423355e+11	-1.091252268708e+08	3.732454848736e+10	5.477173520529e+29
5.104561055329e+06	9.404442198933e+10	-1.214019377424e+08	3.702369334813e+10	5.088331236771e+29
5.157658723328e+06	8.855344843559e+10	-1.242831731503e+08	3.688008137501e+10	4.752272138654e+29
5.211308713519e+06	8.328694249146e+10	-1.297742355375e+08	3.674322364318e+10	4.433907069980e+29
5.265516771159e+06	7.830940244429e+10	-1.350999180477e+08	3.663530819420e+10	4.138402019103e+29
5.320288701269e+06	7.360229515508e+10	-1.408089425315e+08	3.654823333167e+10	3.863235363365e+29
5.375630369253e+06	6.915758628607e+10	-1.467832949051e+08	3.648140438989e+10	3.607274649400e+29
5.431547701526e+06	6.496358569931e+10	-1.530582079662e+08	3.643381189446e+10	3.369213101130e+29
5.488046686153e+06	6.100848126547e+10	-1.596410808049e+08	3.640518352486e+10	3.147856567171e+29
5.545133373482e+06	5.728034053556e+10	-1.665476511678e+08	3.639553931842e+10	2.942076954500e+29
5.602813876801e+06	5.376742882066e+10	-1.737937987876e+08	3.640511814447e+10	2.750817253812e+29
5.661094372985e+06	5.045836824490e+10	-1.813969930812e+08	3.643426775995e+10	2.573087476974e+29
5.719981103165e+06	4.734224373813e+10	-1.893757774144e+08	3.648335537891e+10	2.407961243077e+29
5.779480373388e+06	4.440867163096e+10	-1.977496287343e+08	3.655267859046e+10	2.254572096579e+29
5.839598555298e+06	4.164784080379e+10	-2.065386516423e+08	3.664237510949e+10	2.112109774267e+29
5.900342086819e+06	3.905053382459e+10	-2.157631883203e+08	3.675232970532e+10	1.979816522884e+29
5.961717472840e+06	3.660813192957e+10	-2.254432969987e+08	3.688207924526e+10	1.856983520627e+29
6.023731285914e+06	3.431260636331e+10	-2.355980837672e+08	3.703071893472e+10	1.742947452646e+29
6.086390166962e+06	3.215649739353e+10	-2.462448741292e+08	3.719681530248e+10	1.637087275176e+29
6.149700825985e+06	3.013288165876e+10	-2.573982229644e+08	3.737833414483e+10	1.538821199819e+29
6.213670042780e+06	2.823532809616e+10	-2.690687844494e+08	3.757259407301e+10	1.447603919522e+29
6.278304667668e+06	2.645784283532e+10	-2.812620877480e+08	3.777625790423e+10	1.362924097135e+29
6.343611622228e+06	2.479480400247e+10	-2.939772997210e+08	3.798537379254e+10	1.284302128363e+29
6.409597900035e+06	2.324088853683e+10	-3.072060876498e+08	3.819547478058e+10	1.211288184624e+29
6.476270567413e+06	2.179099466293e+10	-3.209317195231e+08	3.840173875100e+10	1.143460530613e+29
6.543636764190e+06	2.044016528673e+10	-3.351285442824e+08	3.859920104819e+10	1.080424098926e+29
6.611703704462e+06	1.918351876619e+10	-3.497619716572e+08	3.878300118703e+10	1.021809290383e+29
6.680478677365e+06	1.801619370003e+10	-3.647890187348e+08	3.894863610356e+10	9.672709556940e+28
6.749969047860e+06	1.693331322907e+10	-3.801594157845e+08	3.909218852470e+10	9.164875044009e+28
6.820182257514e+06	1.592997190696e+10	-3.958171834996e+08	3.921050213264e+10	8.691600829359e+28
6.891125825304e+06	1.500124498631e+10	-4.117025277069e+08	3.930128477972e+10	8.250117664420e+28
6.962807348420e+06	1.414221679409e+10	-4.277538619581e+08	3.936313423415e+10	7.837867186835e+28
7.035234503074e+06	1.334802252291e+10	-4.439097687577e+08	3.939549386150e+10	7.452492886408e+28
7.108415045332e+06	1.261389672250e+10	-4.601107450933e+08	3.939855520436e+10	7.091830304134e+28
7.182356811933e+06	1.193522204735e+10	-4.763006228854e+08	3.937312663431e+10	6.753896443821e+28
7.257067721137e+06	1.130757312619e+10	-4.924276236131e+08	3.932049291294e+10	6.436878588221e+28
7.332555773569e+06	1.072675202437e+10	-5.084450419687e+08	3.924227412979e+10	6.139122668204e+28
7.408829053076e+06	1.018881386110e+10	-5.243115959454e+08	3.914030233404e+10	5.859121484017e+28
7.485895727595e+06	9.690082237242e+09	-5.399915018320e+08	3.901651728864e+10	5.595503000121e+28
7.563764050023e+06	9.227155447118e+09	-5.554543361445e+08	3.887288439025e+10	5.347018937965e+28
7.642442359106e+06	8.796904908193e+09	-5.706747468465e+08	3.871133352722e+10	5.112533841370e+28
7.721939080330e+06	8.396467507206e+09	-5.856320678168e+08	3.853371624377e+10	4.891014742797e+28
7.802262726820e+06	8.023233526354e+09	-6.003098805409e+08	3.834177796202e+10	4.681521513871e+28
7.883421900258e+06	7.674831635329e+09	-6.146955565574e+08	3.813714198357e+10	4.483197944335e+28
7.965425291799e+06	7.349112184590e+09	-6.287798046850e+08	3.792130230722e+10	4.295263561664e+28
8.048281683003e+06	7.044129770259e+09	-6.425562392044e+08	3.769562277292e+10	4.117006180006e+28
8.131999946777e+06	6.758125793832e+09	-6.560209787924e+08	3.746134050525e+10	3.947775148665e+28
8.216589048324e+06	6.489511527912e+09	-6.691722815062e+08	3.721957216990e+10	3.786975260848e+28
8.302058046101e+06	6.236852025720e+09	-6.820102175541e+08	3.697132184725e+10	3.634061275031e+28
8.388416092795e+06	5.998851079852e+09	-6.945363800855e+08	3.671748973659e+10	3.488533000758e+28
8.475672436294e+06	5.774337333359e+09	-7.067536303928e+08	3.645888087117e+10	3.349930891142e+28
8.563836420689e+06	5.562251578436e+09	-7.186658783860e+08	3.619621473446e+10	3.217832112302e+28
8.652917487262e+06	5.361635217715e+09	-7.302778914574e+08	3.593013252751e+10	3.091847013322e+28
8.742925175508e+06	5.171619858307e+09	-7.415951304623e+08	3.566120577800e+10	2.971615981769e+28
8.833869124149e+06	4.991417946928e+09	-7.526236100449e+08	3.538994345434e+10	2.856806628257e+28
8.925759072170e+06	4.820314382107e+09	-7.633697795025e+08	3.511679861617e+10	2.747111269149e+28
9.018604859862e+06	4.657659014908e+09	-7.738404218870e+08	3.484217444263e+10	2.642244673849e+28
9.112416429872e+06	4.502859956322e+09	-7.840425688201e+08	3.456642966038e+10	2.541942047248e+28
9.207203828274e+06	4.355377611085e+09	-7.939834288630e+08	3.428988340931e+10	2.445957221045e+28
9.302977205639e+06	4.214719362667e+09	-8.036703275273e+08	3.401281958877e+10	2.354061030574e+28
9.399746818124e+06	4.080434839775e+09	-8.131106572432e+08	3.373549072996e+10	2.266039856401e+28
9.497523028572e+06	3.952111700608e+09	-8.223118358693e+08	3.345812143939e+10	2.181694312280e+28
9.596316307619e+06	3.829371877425e+09	-8.312812723569e+08	3.318091145764e+10	2.100838063358e+28
9.696137234819e+06	3.711868228939e+09	-8.400263389541e+08	3.290403839792e+10	2.023296759780e+28
9.796996499771e+06	3.599281555938e+09	-8.485543477424e+08	3.262766002614e+10	1.948907074349e+28
9.898904903271e+06	3.491317936147e+09	-8.568725329415e+08	3.235191665077e+10	1.877515830657e+28
1.000187335846e+07	3.387706343909e+09	-8.649880359825e+08	3.207693275965e+10	1.808979214424e+28
1.010591289201e+07	3.288196522047e+09	-8.729078941032e+08	3.180281882643e+10	1.743162057539e+28
1.021103464527e+07	3.192557076193e+09	-8.806390316641e+08	3.152967277493e+10	1.679937187743e+28
1.031724987550e+07	3.100573767168e+09	-8.881882537159e+08	3.125758130128e+10	1.619184836978e+28
1.042456995705e+07	3.012047978767e+09	-8.955622415010e+08	3.098662104845e+10	1.560792102345e+28
1.053300638260e+07	2.926795341345e+09	-9.027675495732e+08	3.071685965028e+10	1.504652454330e+28
1.064257076435e+07	2.844644493815e+09	-9.098106042889e+08	3.044835665999e+10	1.450665287498e+28
1.075327483531e+07	2.765435968760e+09	-9.166977034466e+08	3.018116437674e+10	1.398735509438e+28
1.086513045055e+07	2.689021187146e+09	-9.234350168933e+08	2.991532858198e+10	1.348773164201e+28
1.097814958841e+07	2.615261550706e+09	-9.300285879416e+08	2.965088919582e+10	1.300693086857e+28
1.109234435188e+07	2.544027621484e+09	-9.364843354681e+08	2.938788086273e+10	1.254414586204e+28
1.120772696981e+07	2.475198379205e+09	-9.428080565815e+08	2.912633347449e+10	1.209861152954e+28
1.132430979828e+07	2.408660548262e+09	-9.490054297680e+08	2.886627263752e+10	1.166960191004e+28
1.144210532187e+07	2.344307987014e+09	-9.550820184427e+08	2.860772009069e+10	1.125642769676e+28
1.156112615505e+07	2.282041132951e+09	-9.610432748229e+08	2.835069407935e+10	1.085843395002e+28
1.168138504350e+07	2.221766497952e+09	-9.668945441358e+08	2.809520968995e+10	1.047499798323e+28
1.180289486547e+07	2.163396208707e+09	-9.726410689055e+08	2.784127915051e+10	1.010552740773e+28
1.192566863318e+07	2.106847587214e+09	-9.782879939802e+08	2.758891209786e+10	9.749458318652e+27
1.204971949419e+07	2.052042769207e+09	-9.838403699825e+08	2.733811582420e+10	9.406253622063e+27
1.217506073284e+07	1.998908350823e+09	-9.893031626759e+08	2.708889547531e+10	9.075401451741e+27
1.230170577165e+07	1.947375079844e+09	-9.946812435434e+08	2.684125430317e+10	8.756413793312e+27
1.242966817274e+07	1.897377526069e+09	-9.999794420623e+08	2.659519364855e+10	8.448824900769e+27
1.255896163933e+07	1.848853927059e+09	-1.005202396487e+09	2.635071371231e+10	8.152190774686e+27
1.268960001716e+07	1.801745572598e+09	-1.010355053931e+09	2.610781169127e+10	7.866085660150e+27
1.282159729602e+07	1.755997723295e+09	-1.015441050266e+09	2.586648826283e+10	7.590108149517e+27
1.295496761119e+07	1.711555710358e+09	-1.020467830783e+09	2.562672697301e+10	7.323857292048e+27
1.308972524500e+07	1.668375994976e+09	-1.025429755732e+09	2.538855898839e+10	7.067000990564e+27
1.322588462835e+07	1.626389373009e+09	-1.030359956813e+09	2.515185113863e+10	6.819053066208e+27
1.336346034224e+07	1.585609325624e+09	-1.035157051301e+09	2.491695184678e+10	6.580029096658e+27
1.350246711936e+07	1.545769791508e+09	-1.040094333316e+09	2.468253222396e+10	6.348299682012e+27
1.364291984562e+07	1.507354977467e+09	-1.044129674975e+09	2.445194283992e+10	6.126714504594e+27
1.378483356180e+07	1.468045480744e+09	-1.049543759333e+09	2.421151597914e+10	5.902084307104e+27
1.392822346512e+07	1.433577811485e+09	-1.045546283442e+09	2.399935028674e+10	5.708104844020e+27
1.407310491089e+07	1.339258117824e+09	-1.037780916320e+09	2.342231799981e+10	5.196012477543e+27
1.421949341414e+07	3.190094752858e+08	-4.542482844743e+09	6.820922497214e+09	3.038849256328e+26
1.436740465128e+07	3.155671574839e+08	-4.502760005824e+09	6.766530548776e+09	2.984370838299e+26
1.451685446181e+07	3.103511618781e+08	-4.481110278938e+09	6.684987574008e+09	2.903050547847e+26
1.466785884997e+07	3.057236823479e+08	-4.456457777581e+09	6.610988204861e+09	2.831237323585e+26
1.482043398648e+07	3.010549561229e+08	-4.432696707114e+09	6.536114869303e+09	2.759598248055e+26
1.497459621027e+07	2.964837593150e+08	-4.408881657658e+09	6.462086660642e+09	2.690077616879e+26
1.513036203024e+07	2.919763987122e+08	-4.385229583713e+09	6.388539726325e+09	2.622189057066e+26
1.528774812701e+07	2.875393312212e+08	-4.361688963579e+09	6.315546107976e+09	2.555989527358e+26
1.544677135468e+07	2.831697681192e+08	-4.338270878419e+09	6.243088649311e+09	2.491417121952e+26
1.560744874272e+07	2.788670786359e+08	-4.314971842703e+09	6.171168352341e+09	2.428437455398e+26
1.576979749770e+07	2.746301548493e+08	-4.291791728836e+09	6.099783718677e+09	2.367011547061e+26
1.593383500520e+07	2.704580284964e+08	-4.268729488889e+09	6.028938283925e+09	2.307103997509e+26
1.609957883161e+07	2.663497539116e+08	-4.245783601537e+09	5.958653328839e+09	2.248685509413e+26
1.626704672608e+07	2.623045887544e+08	-4.222950369111e+09	5.889035925642e+09	2.191753927906e+26
1.643625662238e+07	2.583224480700e+08	-4.200212342966e+09	5.820441226718e+09	2.136382610581e+26
1.660722664082e+07	2.544062167954e+08	-4.177508658302e+09	5.755765364417e+09	2.083381698433e+26
1.677997509018e+07	2.505709312212e+08	-4.154568431773e+09	5.704087128925e+09	2.035327109986e+26
1.695452046973e+07	2.467889278288e+08	-4.131831606010e+09	5.649806513529e+09	1.987518705410e+26
1.713088147113e+07	2.430656292272e+08	-4.109191378558e+09	5.596749165020e+09	1.941055013043e+26
1.730907698050e+07	2.393986644849e+08	-4.086672602134e+09	5.544006372229e+09	1.895646995359e+26
1.748912608039e+07	2.357875229716e+08	-4.064268529481e+09	5.491787174181e+09	1.851328744871e+26
1.767104805187e+07	2.322312706705e+08	-4.041980014480e+09	5.440038285038e+09	1.808060501626e+26
1.785486237654e+07	2.287290897055e+08	-4.019806090016e+09	5.388768065338e+09	1.765820342341e+26
1.804058873868e+07	2.252801505841e+08	-3.997746230939e+09	5.337970385228e+09	1.724582957994e+26
1.822824702731e+07	2.218836422350e+08	-3.975799809161e+09	5.287642583638e+09	1.684324561345e+26
1.841785733834e+07	2.185387644412e+08	-3.953966228473e+09	5.237781083122e+09	1.645021692433e+26
1.860943997672e+07	2.152447296568e+08	-3.932244887558e+09	5.188382599421e+09	1.606651524442e+26
1.880301545859e+07	2.120007622054e+08	-3.910635191346e+09	5.139443763270e+09	1.569191752357e+26
1.899860451354e+07	2.088060982731e+08	-3.889136547739e+09	5.090961229956e+09	1.532620607893e+26
1.919622808675e+07	2.056599856865e+08	-3.867748368380e+09	5.042931652009e+09	1.496916840544e+26
1.939590734130e+07	2.025616837457e+08	-3.846470068442e+09	4.995351687468e+09	1.462059706833e+26
1.959766366040e+07	1.995104630467e+08	-3.825301066663e+09	4.948217997655e+09	1.428028958014e+26
1.980151864967e+07	1.965056053106e+08	-3.804240785313e+09	4.901527247935e+09	1.394804828476e+26
2.000749413949e+07	1.935464032140e+08	-3.783288650180e+09	4.855276107867e+09	1.362368024327e+26
2.021561218733e+07	1.906321602221e+08	-3.762444090556e+09	4.809461251450e+09	1.330699712260e+26
2.042589508007e+07	1.877621904245e+08	-3.741706539214e+09	4.764079357359e+09	1.299781508676e+26
2.063836533645e+07	1.849358183739e+08	-3.721075432393e+09	4.719127109178e+09	1.269595469067e+26
2.085304570944e+07	1.821523789265e+08	-3.700550209779e+09	4.674601195646e+09	1.240124077638e+26
2.106995918867e+07	1.794112170850e+08	-3.680130314489e+09	4.630498310902e+09	1.211350237179e+26
2.128912900293e+07	1.767116878450e+08	-3.659815193051e+09	4.586815154729e+09	1.183257259163e+26
2.151057862262e+07	1.740531560419e+08	-3.639604295386e+09	4.543548432811e+09	1.155828854092e+26
2.173433176230e+07	1.714349962021e+08	-3.619497074788e+09	4.500694856978e+09	1.129049122047e+26
2.196041238319e+07	1.688565923949e+08	-3.599492987910e+09	4.458251145469e+09	1.102902543479e+26
2.218884469575e+07	1.663173380876e+08	-3.579591494741e+09	4.416214023183e+09	1.077373970198e+26
2.241965316230e+07	1.638166360021e+08	-3.559792058587e+09	4.374580221943e+09	1.052448616584e+26
2.265286249961e+07	1.613538979749e+08	-3.540094146057e+09	4.333346480751e+09	1.028112050997e+26
2.288849768153e+07	1.589285448173e+08	-3.520497227037e+09	4.292509546056e+09	1.004350187391e+26
2.312658394172e+07	1.565400061798e+08	-3.501000774676e+09	4.252066172010e+09	9.811492771192e+25
2.336714677631e+07	1.541877204170e+08	-3.481604265365e+09	4.212013120739e+09	9.584959009369e+25
2.361021194663e+07	1.518711344556e+08	-3.462307178717e+09	4.172347162603e+09	9.363769611847e+25
2.385580548199e+07	1.495897036632e+08	-3.443108997550e+09	4.133065076461e+09	9.147796741592e+25
2.410395368246e+07	1.473428917210e+08	-3.424009207862e+09	4.094163649941e+09	8.936915626592e+25
2.435468312167e+07	1.451301704962e+08	-3.405007298819e+09	4.055639679700e+09	8.731004487068e+25
2.460802064969e+07	1.429510199180e+08	-3.386102762728e+09	4.017489971694e+09	8.529944464394e+25
2.486399339586e+07	1.408049278548e+08	-3.367295095021e+09	3.979711341441e+09	8.333619551663e+25
2.512262877174e+07	1.386913899934e+08	-3.348583794234e+09	3.942300614288e+09	8.141916525892e+25
2.538395447401e+07	1.366099097200e+08	-3.329968361989e+09	3.905254625674e+09	7.954724881802e+25
2.564799848746e+07	1.345599980030e+08	-3.311448302969e+09	3.868570221394e+09	7.771936767153e+25
2.591478908797e+07	1.325411732776e+08	-3.293023124903e+09	3.832244257866e+09	7.593446919589e+25
2.618435484557e+07	1.305529613321e+08	-3.274692338543e+09	3.796273602314e+09	7.419152604965e+25
2.645672462744e+07	1.285948951962e+08	-3.256455457643e+09	3.760655133389e+09	7.248953557114e+25
2.673192760106e+07	1.266665150305e+08	-3.238311998942e+09	3.725385740721e+09	7.082751919026e+25
2.700999323730e+07	1.247673680182e+08	-3.220261482138e+09	3.690462325881e+09	6.920452185411e+25
2.729095131359e+07	1.228970082581e+08	-3.202303429874e+09	3.655881802284e+09	6.761961146599e+25
2.757483191711e+07	1.210549966592e+08	-3.184437367713e+09	3.621641095515e+09	6.607187833760e+25
2.786166544800e+07	1.192409008372e+08	-3.166662824117e+09	3.587737143582e+09	6.456043465412e+25
2.815148262262e+07	1.174542950124e+08	-3.148979330429e+09	3.554166897163e+09	6.308441395179e+25
2.844431447685e+07	1.156947599091e+08	-3.131386420851e+09	3.520927319858e+09	6.164297060779e+25
2.874019236940e+07	1.139618826564e+08	-3.113883632424e+09	3.488015388430e+09	6.023527934206e+25
2.903914798518e+07	1.122552566911e+08	-3.096470505005e+09	3.455428093051e+09	5.886053473087e+25
2.934121333868e+07	1.105744816612e+08	-3.079146581249e+09	3.423162437540e+09	5.751795073181e+25
2.964642077740e+07	1.089191633314e+08	-3.061911406585e+09	3.391215439602e+09	5.620676021994e+25
2.995480298533e+07	1.072889134904e+08	-3.044764529199e+09	3.359584131059e+09	5.492621453481e+25
3.026639298643e+07	1.056833498585e+08	-3.027705500008e+09	3.328265558084e+09	5.367558303827e+25
3.058122414819e+07	1.041020959977e+08	-3.010733872646e+09	3.297256781429e+09	5.245415268253e+25
3.089933018516e+07	1.025447812225e+08	-2.993849203437e+09	3.266554876647e+09	5.126122758850e+25
3.122074516263e+07	1.010110405124e+08	-2.977051051375e+09	3.236156934313e+09	5.009612863407e+25
3.154550350020e+07	9.950051442561e+07	-2.960338978106e+09	3.206060060244e+09	4.895819305201e+25
3.187363997551e+07	9.801284901382e+07	-2.943712547906e+09	3.176261375709e+09	4.784677403747e+25
3.220518972799e+07	9.654769573879e+07	-2.927171327659e+09	3.146758017643e+09	4.676124036465e+25
3.254018826254e+07	9.510471138977e+07	-2.910714886834e+09	3.117547138846e+09	4.570097601259e+25
3.287867145342e+07	9.368355800232e+07	-2.894342797471e+09	3.088625908193e+09	4.466537979975e+25
3.322067554804e+07	9.228390277838e+07	-2.878054634153e+09	3.059991510826e+09	4.365386502727e+25
3.356623717086e+07	9.090541800749e+07	-2.861849973990e+09	3.031641148346e+09	4.266585913063e+25
3.391539332730e+07	8.954778098929e+07	-2.845728396593e+09	3.003572039009e+09	4.170080333960e+25
3.426818140771e+07	8.821067395710e+07	-2.829689484061e+09	2.975781417901e+09	4.075815234620e+25
3.462463919139e+07	8.689378400272e+07	-2.813732820954e+09	2.948266537126e+09	3.983737398054e+25
3.498480485061e+07	8.559680300234e+07	-2.797857994272e+09	2.921024665978e+09	3.893794889435e+25
3.534871695471e+07	8.431942754363e+07	-2.782064593440e+09	2.894053091111e+09	3.805937025201e+25
3.571641447422e+07	8.306135885380e+07	-2.766352210283e+09	2.867349116705e+09	3.720114342893e+25
3.608793678505e+07	8.182230272895e+07	-2.750720439005e+09	2.840910064628e+09	3.636278571705e+25
3.646332367270e+07	8.060196946427e+07	-2.735168876172e+09	2.814733274566e+09	3.554382603739e+25
3.684261533652e+07	7.940007378550e+07	-2.719697120690e+09	2.788816104304e+09	3.474380465940e+25
3.722585239400e+07	7.821633478128e+07	-2.704304773784e+09	2.763155929612e+09	3.396227292700e+25
3.761307588516e+07	7.705047583661e+07	-2.688991438977e+09	2.737750144644e+09	3.319879299111e+25
3.800432727688e+07	7.590222456726e+07	-2.673756722074e+09	2.712596161950e+09	3.245293754861e+25
3.839964846742e+07	7.477131275525e+07	-2.658600231137e+09	2.687691412624e+09	3.172428958748e+25
3.879908179083e+07	7.365747628522e+07	-2.643521576468e+09	2.663033346436e+09	3.101244213801e+25
3.920267002155e+07	7.256045508181e+07	-2.628520370589e+09	2.638619431950e+09	3.031699802997e+25
3.961045637893e+07	7.147999304802e+07	-2.613596228221e+09	2.614447156640e+09	2.963756965555e+25
4.002248453192e+07	7.041583800444e+07	-2.598748766265e+09	2.590514026997e+09	2.897377873803e+25
4.043879860369e+07	6.936774162942e+07	-2.583977603784e+09	2.566817568636e+09	2.832525610587e+25
4.085944317638e+07	6.833545940019e+07	-2.569282361981e+09	2.543355326392e+09	2.769164147231e+25
4.128446329589e+07	6.731875053482e+07	-2.554662664181e+09	2.520124864417e+09	2.707258322018e+25
4.171390447668e+07	6.631737793507e+07	-2.540118135812e+09	2.497123766265e+09	2.646773819191e+25
4.214781270665e+07	6.533110813015e+07	-2.525648404384e+09	2.474349634975e+09	2.587677148449e+25
4.258623445206e+07	6.435971122127e+07	-2.511253099475e+09	2.451800093150e+09	2.529935624947e+25
4.302921666252e+07	6.340296082706e+07	-2.496931852705e+09	2.429472783025e+09	2.473517349765e+25
4.347680677601e+07	6.246063402982e+07	-2.482684297725e+09	2.407365366537e+09	2.418391190852e+25
4.392905272396e+07	6.153251132262e+07	-2.468510070193e+09	2.385475525385e+09	2.364526764425e+25
4.438600293638e+07	6.061837655709e+07	-2.454408807756e+09	2.363800961083e+09	2.311894416819e+25
4.484770634706e+07	5.971801689214e+07	-2.440380150036e+09	2.342339395013e+09	2.260465206765e+25
4.531421239878e+07	5.883122274339e+07	-2.426423738606e+09	2.321088568465e+09	2.210210888107e+25
4.578557104863e+07	5.795778773331e+07	-2.412539216977e+09	2.300046242684e+09	2.161103892924e+25
4.626183277338e+07	5.709750864227e+07	-2.398726230578e+09	2.279210198895e+09	2.113117315066e+25
4.674304857482e+07	5.625018536017e+07	-2.384984426738e+09	2.258578238337e+09	2.066224894084e+25
4.722926998528e+07	5.541562083889e+07	-2.371313454670e+09	2.238148182285e+09	2.020400999546e+25
4.772054907313e+07	5.459362104548e+07	-2.357712965452e+09	2.217917872067e+09	1.975620615738e+25
4.821693844836e+07	5.378399491600e+07	-2.344182612011e+09	2.197885169077e+09	1.931859326727e+25
4.871849126820e+07	5.298655431007e+07	-2.330722049105e+09	2.178047954784e+09	1.889093301790e+25
4.922526124282e+07	5.220111396619e+07	-2.317330933309e+09	2.158404130730e+09	1.847299281193e+25
4.973730264110e+07	5.142749145760e+07	-2.304008922993e+09	2.138951618533e+09	1.806454562318e+25
5.025467029640e+07	5.066550714894e+07	-2.290755678311e+09	2.119688359877e+09	1.766536986122e+25
5.077741961248e+07	4.991498415352e+07	-2.277570861182e+09	2.100612316484e+09	1.727524923921e+25
5.130560656939e+07	4.917574829120e+07	-2.264454135274e+09	2.081721470156e+09	1.689397264506e+25
5.183928772951e+07	4.844762804695e+07	-2.251405165988e+09	2.063013822643e+09	1.652133401559e+25
5.237852024356e+07	4.773045453008e+07	-2.238423620442e+09	2.044487395722e+09	1.615713221382e+25
5.292336185675e+07	4.702406143399e+07	-2.225509167459e+09	2.026140231111e+09	1.580117090920e+25
5.347387091496e+07	4.632828499661e+07	-2.212661477545e+09	2.007970390444e+09	1.545325846080e+25
5.403010637097e+07	4.564296396144e+07	-2.199880222878e+09	1.989975955228e+09	1.511320780326e+25
5.459212779080e+07	4.496793953912e+07	-2.187165077294e+09	1.972155026797e+09	1.478083633561e+25
5.515999536008e+07	4.430305536965e+07	-2.174515716269e+09	1.954505726262e+09	1.445596581269e+25
5.573376989047e+07	4.364815748516e+07	-2.161931816907e+09	1.937026194455e+09	1.413842223933e+25
5.631351282623e+07	4.300309427324e+07	-2.149413057921e+09	1.919714591872e+09	1.382803576701e+25
5.689928625072e+07	4.236771644084e+07	-2.136959119627e+09	1.902569098603e+09	1.352464059310e+25
5.749115289312e+07	4.174187697872e+07	-2.124569683921e+09	1.885587914273e+09	1.322807486251e+25
5.808917613510e+07	4.112543112643e+07	-2.112244434269e+09	1.868769257961e+09	1.293818057178e+25
5.869342001766e+07	4.051823633783e+07	-2.099983055697e+09	1.852111368129e+09	1.265480347549e+25
5.930394924792e+07	3.992015224712e+07	-2.087785234770e+09	1.835612502543e+09	1.237779299497e+25
5.992082920609e+07	3.933104063544e+07	-2.075650659584e+09	1.819270938184e+09	1.210700212920e+25
6.054412595248e+07	3.875076539791e+07	-2.063579019751e+09	1.803084971163e+09	1.184228736795e+25
6.117390623455e+07	3.817919251121e+07	-2.051570006387e+09	1.787052916631e+09	1.158350860699e+25
6.181023749407e+07	3.761619000167e+07	-2.039623312097e+09	1.771173108680e+09	1.133052906540e+25
6.245318787434e+07	3.706162791379e+07	-2.027738630965e+09	1.755443900249e+09	1.108321520491e+25
6.310282622747e+07	3.651537827928e+07	-2.015915658543e+09	1.739863663017e+09	1.084143665119e+25
6.375922212180e+07	3.597731508662e+07	-2.004154091832e+09	1.724430787301e+09	1.060506611706e+25
6.442244584931e+07	3.544731425096e+07	-1.992453629279e+09	1.709143681945e+09	1.037397932763e+25
6.509256843313e+07	3.492525358459e+07	-1.980813970757e+09	1.694000774211e+09	1.014805494724e+25
6.576966163522e+07	3.441101276782e+07	-1.969234817562e+09	1.679000509661e+09	9.927174508172e+24
6.645379796397e+07	3.390447332030e+07	-1.957715872392e+09	1.664141352038e+09	9.711222341167e+24
6.714505068202e+07	3.340551857278e+07	-1.946256839343e+09	1.649421783151e+09	9.500085507577e+24
6.784349381409e+07	3.291403363931e+07	-1.934857423897e+09	1.634840302743e+09	9.293653733235e+24
6.854920215489e+07	3.242990538990e+07	-1.923517332908e+09	1.620395428371e+09	9.091819343925e+24
6.926225127716e+07	3.195302242348e+07	-1.912236274593e+09	1.606085695273e+09	8.894477202435e+24
6.998271753975e+07	3.148327504141e+07	-1.901013958524e+09	1.591909656238e+09	8.701524647161e+24
7.071067809577e+07	3.102055522133e+07	-1.889850095614e+09	1.577865896409e+09	8.512861432212e+24
7.144621090092e+07	3.056475659139e+07	-1.878744398110e+09	1.563952958448e+09	8.328389668980e+24
7.218939472176e+07	3.011577440497e+07	-1.867696579580e+09	1.550169491821e+09	8.148013769266e+24
7.294030914418e+07	2.967350551562e+07	-1.856706354906e+09	1.536514103199e+09	7.971640389465e+24
7.369903458195e+07	2.923784835253e+07	-1.845773440275e+09	1.522985431069e+09	7.799178376552e+24
7.446565228528e+07	2.880870289637e+07	-1.834897553166e+09	1.509582130623e+09	7.630538715106e+24
7.524024434956e+07	2.838597065538e+07	-1.824078412346e+09	1.496302873623e+09	7.465634475745e+24
7.602289372412e+07	2.796955464196e+07	-1.813315737856e+09	1.483146348243e+09	7.304380764799e+24
7.681368422114e+07	2.755935934951e+07	-1.802609251006e+09	1.470111258924e+09	7.146694675230e+24
7.761270052463e+07	2.715529072976e+07	-1.791958674366e+09	1.457196326219e+09	6.992495238754e+24
7.842002819945e+07	2.675725617025e+07	-1.781363731755e+09	1.444400286639e+09	6.841703379147e+24
7.923575370053e+07	2.636516447239e+07	-1.770824148235e+09	1.431721892502e+09	6.694241866685e+24
8.005996438210e+07	2.597892582963e+07	-1.760339650102e+09	1.419159911770e+09	6.550035273719e+24
8.089274850705e+07	2.559845180615e+07	-1.749909964882e+09	1.406713127896e+09	6.409009931335e+24
8.173419525637e+07	2.522365531575e+07	-1.739534821316e+09	1.394380339662e+09	6.271093887078e+24
8.258439473872e+07	2.485445060112e+07	-1.729213949359e+09	1.382160361019e+09	6.136216863717e+24
8.344343800007e+07	2.449075321343e+07	-1.718947080169e+09	1.370052020929e+09	6.004310219026e+24
8.431141703346e+07	2.413247999224e+07	-1.708733946102e+09	1.358054163197e+09	5.875306906551e+24
8.518842478882e+07	2.377954904565e+07	-1.698574280704e+09	1.346165646313e+09	5.749141437341e+24
8.607455518297e+07	2.343187973084e+07	-1.688467818705e+09	1.334385343284e+09	5.625749842618e+24
8.696990310963e+07	2.308939263488e+07	-1.678414296009e+09	1.322712141474e+09	5.505069637371e+24
8.787456444963e+07	2.275200955582e+07	-1.668413449694e+09	1.311144942434e+09	5.387039784834e+24
8.878863608113e+07	2.241965348406e+07	-1.658465018000e+09	1.299682661740e+09	5.271600661846e+24
8.971221589002e+07	2.209224858406e+07	-1.648568740323e+09	1.288324228822e+09	5.158694025055e+24
9.064540278042e+07	2.176972017629e+07	-1.638724357213e+09	1.277068586805e+09	5.048262977957e+24
9.158829668523e+07	2.145199471944e+07	-1.628931610366e+09	1.265914692333e+09	4.940251938740e+24
9.254099857686e+07	2.113899979296e+07	-1.619190242617e+09	1.254861515409e+09	4.834606608919e+24
9.350361047804e+07	2.083066407982e+07	-1.609499997934e+09	1.243908039224e+09	4.731273942740e+24
9.447623547272e+07	2.052691734955e+07	-1.599860621418e+09	1.233053259992e+09	4.630202117338e+24
9.545897771717e+07	2.022769044157e+07	-1.590271859290e+09	1.222296186779e+09	4.531340503619e+24
9.645194245104e+07	1.993291524870e+07	-1.580733458891e+09	1.211635841341e+09	4.434639637863e+24
9.745523600874e+07	1.964252470102e+07	-1.571245168676e+09	1.201071257951e+09	4.340051194022e+24
9.846896583073e+07	1.935645274992e+07	-1.561806738209e+09	1.190601483263e+09	4.247527956692e+24
9.949324047508e+07	1.907463435239e+07	-1.552417918157e+09	1.180225576013e+09	4.157023794751e+24
1.005281696291e+08	1.879700545560e+07	-1.543078460287e+09	1.169942607113e+09	4.068493635645e+24
1.015738641210e+08	1.852350298167e+07	-1.533788117460e+09	1.159751659224e+09	3.981893440293e+24
1.026304359319e+08	1.825406481266e+07	-1.524546643629e+09	1.149651826725e+09	3.897180178619e+24
1.036979982078e+08	1.798862977591e+07	-1.515353793832e+09	1.139642215516e+09	3.814311805673e+24
1.047766652715e+08	1.772713762943e+07	-1.506209324188e+09	1.129721942860e+09	3.733247238337e+24
1.058665526350e+08	1.746952904764e+07	-1.497112991898e+09	1.119890137215e+09	3.653946332604e+24
1.069677770120e+08	1.721574560733e+07	-1.488064555233e+09	1.110145938074e+09	3.576369861410e+24
1.080804563301e+08	1.696572977372e+07	-1.479063773537e+09	1.100488495802e+09	3.500479493001e+24
1.092047097437e+08	1.671942488690e+07	-1.470110407219e+09	1.090916971477e+09	3.426237769841e+24
1.103406576466e+08	1.647677514835e+07	-1.461204217753e+09	1.081430536725e+09	3.353608088018e+24
1.114884216849e+08	1.623772560772e+07	-1.452344967669e+09	1.072028373568e+09	3.282554677166e+24
1.126481247701e+08	1.600222214979e+07	-1.443532420558e+09	1.062709674260e+09	3.213042580866e+24
1.138198910922e+08	1.577021148171e+07	-1.434766341060e+09	1.053473641135e+09	3.145037637533e+24
1.150038461331e+08	1.554164112030e+07	-1.426046494866e+09	1.044319486448e+09	3.078506461754e+24
1.162001166799e+08	1.531645937968e+07	-1.417372648713e+09	1.035246432221e+09	3.013416426098e+24
1.174088308386e+08	1.509461535899e+07	-1.408744570382e+09	1.026253710090e+09	2.949735643352e+24
1.186301180476e+08	1.487605893037e+07	-1.400162028694e+09	1.017340561157e+09	2.887432949198e+24
1.198641090918e+08	1.466074072710e+07	-1.391624793507e+09	1.008506235833e+09	2.826477885304e+24
1.211109361167e+08	1.444861213190e+07	-1.383132635714e+09	9.997499936938e+08	2.766840682828e+24
1.223707326422e+08	1.423962526545e+07	-1.374685327241e+09	9.910711033296e+08	2.708492246326e+24
1.236436335770e+08	1.403373297506e+07	-1.366282641041e+09	9.824688422010e+08	2.651404138039e+24
1.249297752333e+08	1.383088882353e+07	-1.357924351094e+09	9.739424964935e+08	2.595548562568e+24
1.262292953412e+08	1.363104707819e+07	-1.349610232405e+09	9.654913609744e+08	2.540898351919e+24
1.275423330633e+08	1.343416270007e+07	-1.341340060998e+09	9.571147388518e+08	2.487426950907e+24
1.288690290100e+08	1.324019133328e+07	-1.333113613918e+09	9.488119416347e+08	2.435108402912e+24
1.302095252541e+08	1.304908929452e+07	-1.324930669225e+09	9.405822889953e+08	2.383917335980e+24
1.315639653464e+08	1.286081356282e+07	-1.316791005993e+09	9.324251086324e+08	2.333828949260e+24
1.329324943310e+08	1.267532176933e+07	-1.308694404308e+09	9.243397361369e+08	2.284818999762e+24
1.343152587604e+08	1.249257218736e+07	-1.300640645264e+09	9.163255148595e+08	2.236863789445e+24
1.357124067119e+08	1.231252372253e+07	-1.292629510963e+09	9.083817957793e+08	2.189940152597e+24
1.371240878030e+08	1.213513590309e+07	-1.284660784511e+09	9.005079373824e+08	2.144025443540e+24
1.385504532074e+08	1.196036887037e+07	-1.276734250015e+09	8.927033054974e+08	2.099097524611e+24
1.399916556714e+08	1.178818336942e+07	-1.268849692584e+09	8.849672732445e+08	2.055134754443e+24
1.414478495302e+08	1.161854073974e+07	-1.261006898324e+09	8.772992208378e+08	2.012115976522e+24
1.429191907244e+08	1.145140290617e+07	-1.253205654335e+09	8.696985355005e+08	1.970020508016e+24
1.444058368166e+08	1.128673236996e+07	-1.245445748713e+09	8.621646113387e+08	1.928828128878e+24
1.459079470084e+08	1.112449219994e+07	-1.237726970543e+09	8.546968492230e+08	1.888519071200e+24
1.474256821574e+08	1.096464602382e+07	-1.230049109899e+09	8.472946566730e+08	1.849074008829e+24
1.489592047946e+08	1.080715801966e+07	-1.222411957843e+09	8.399574477438e+08	1.810474047227e+24
1.505086791415e+08	1.065199290743e+07	-1.214815306420e+09	8.326846429144e+08	1.772700713570e+24
1.520742711277e+08	1.049911594073e+07	-1.207258948659e+09	8.254756689775e+08	1.735735947087e+24
1.536561484092e+08	1.034849289865e+07	-1.199742678569e+09	8.183299589321e+08	1.699562089628e+24
1.552544803855e+08	1.020009007770e+07	-1.192266291134e+09	8.112469518774e+08	1.664161876450e+24
1.568694382186e+08	1.005387428394e+07	-1.184829582318e+09	8.042260929097e+08	1.629518427234e+24
1.585011948507e+08	9.909812825165e+06	-1.177432349056e+09	7.972668330199e+08	1.595615237298e+24
1.601499250228e+08	9.767873503243e+06	-1.170074389254e+09	7.903686289940e+08	1.562436169033e+24
1.618158052940e+08	9.628024606577e+06	-1.162755501788e+09	7.835309433154e+08	1.529965443532e+24
1.634990140595e+08	9.490234902668e+06	-1.155475486500e+09	7.767532440691e+08	1.498187632422e+24
1.651997315705e+08	9.354473630800e+06	-1.148234144197e+09	7.700350048477e+08	1.467087649886e+24
1.669181399531e+08	9.220710494834e+06	-1.141031276649e+09	7.633757046595e+08	1.436650744872e+24
1.686544232277e+08	9.088915656122e+06	-1.133866686583e+09	7.567748278386e+08	1.406862493489e+24
1.704087673290e+08	8.959059726520e+06	-1.126740177685e+09	7.502318639571e+08	1.377708791579e+24
1.721813601260e+08	8.831113761515e+06	-1.119651554597e+09	7.437463077388e+08	1.349175847465e+24
1.739723914415e+08	8.705049253461e+06	-1.112600622912e+09	7.373176589750e+08	1.321250174867e+24
1.757820530732e+08	8.580838124911e+06	-1.105587189172e+09	7.309454224426e+08	1.293918585984e+24
1.776105388136e+08	8.458452722059e+06	-1.098611060870e+09	7.246291078230e+08	1.267168184744e+24
1.794580444713e+08	8.337865808281e+06	-1.091672046440e+09	7.183682296243e+08	1.240986360201e+24
1.813247678915e+08	8.219050557774e+06	-1.084769955262e+09	7.121623071041e+08	1.215360780100e+24
1.832109089775e+08	8.101980549300e+06	-1.077904597653e+09	7.060108641946e+08	1.190279384575e+24
1.851166697119e+08	7.986629760017e+06	-1.071075784869e+09	6.999134294299e+08	1.165730380012e+24
1.870422541784e+08	7.872972559411e+06	-1.064283329099e+09	6.938695358738e+08	1.141702233039e+24
1.889878685836e+08	7.760983703322e+06	-1.057527043466e+09	6.878787210512e+08	1.118183664670e+24
1.909537212789e+08	7.650638328061e+06	-1.050806742019e+09	6.819405268814e+08	1.095163644572e+24
1.929400227832e+08	7.541911944616e+06	-1.044122239735e+09	6.760544996017e+08	1.072631385474e+24
1.949469858050e+08	7.434780432950e+06	-1.037473352516e+09	6.702201897239e+08	1.050576337701e+24
1.969748252656e+08	7.329220036387e+06	-1.030859897180e+09	6.644371519499e+08	1.028988183837e+24
1.990237583218e+08	7.225207356080e+06	-1.024281691468e+09	6.587049451216e+08	1.007856833513e+24
2.010940043892e+08	7.122719345573e+06	-1.017738554031e+09	6.530231321579e+08	9.871724183072e+23
2.031857851660e+08	7.021733305438e+06	-1.011230304434e+09	6.473912799974e+08	9.669252867733e+23
2.052993246562e+08	6.922226878001e+06	-1.004756763150e+09	6.418089595410e+08	9.471059995771e+23
2.074348491941e+08	6.824178042143e+06	-9.983177515578e+08	6.362757455967e+08	9.277053247473e+23
2.095925874682e+08	6.727565108189e+06	-9.919130919386e+08	6.307912168256e+08	9.087142330342e+23
2.117727705460e+08	6.632366712868e+06	-9.855426074722e+08	6.253549556899e+08	8.901238933766e+23
2.139756318984e+08	6.538561814357e+06	-9.792061222350e+08	6.199665484010e+08	8.719256684718e+23
2.162014074249e+08	6.446129687396e+06	-9.729034611956e+08	6.146255848705e+08	8.541111104475e+23
2.184503354789e+08	6.355049918481e+06	-9.666344502125e+08	6.093316586611e+08	8.366719566327e+23
2.207226568930e+08	6.265302401131e+06	-9.603989160301e+08	6.040843669396e+08	8.196001254258e+23
2.230186150052e+08	6.176867331230e+06	-9.541966862755e+08	5.988833104311e+08	8.028877122563e+23
2.253384556844e+08	6.089725202432e+06	-9.480275894553e+08	5.937280933738e+08	7.865269856403e+23
2.276824273572e+08	6.003856801649e+06	-9.418914549518e+08	5.886183234759e+08	7.705103833240e+23
2.300507810344e+08	5.919243204598e+06	-9.357881130197e+08	5.835536118725e+08	7.548305085173e+23
2.324437703376e+08	5.835865771422e+06	-9.297173947826e+08	5.785335730850e+08	7.394801262112e+23
2.348616515268e+08	5.753706142378e+06	-9.236791322292e+08	5.735578249800e+08	7.244521595806e+23
2.373046835274e+08	5.672746233586e+06	-9.176731582100e+08	5.686259887305e+08	7.097396864679e+23
2.397731279584e+08	5.592968232855e+06	-9.116993064333e+08	5.637376887777e+08	6.953359359468e+23
2.422672491599e+08	5.514354595556e+06	-9.057574114619e+08	5.588925527934e+08	6.812342849644e+23
2.447873142219e+08	5.436888040576e+06	-8.998473087089e+08	5.540902116437e+08	6.674282550590e+23
2.473335930124e+08	5.360551546322e+06	-8.939688344344e+08	5.493302993541e+08	6.539115091525e+23
2.499063582069e+08	5.285328346789e+06	-8.881218257414e+08	5.446124530738e+08	6.406778484152e+23
2.525058853170e+08	5.211201927696e+06	-8.823061205720e+08	5.399363130434e+08	6.277212092022e+23
2.551324527203e+08	5.138156022665e+06	-8.765215577036e+08	5.353015225607e+08	6.150356600579e+23
2.577863416900e+08	5.066174609478e+06	-8.707679767451e+08	5.307077279498e+08	6.026153987894e+23
2.604678364252e+08	4.995241906374e+06	-8.650452181326e+08	5.261545785288e+08	5.904547496049e+23
2.631772240813e+08	4.925342368415e+06	-8.593531231260e+08	5.216417265795e+08	5.785481603175e+23
2.659147948004e+08	4.856460683901e+06	-8.536915338046e+08	5.171688273183e+08	5.668901996110e+23
2.686808417430e+08	4.788581770841e+06	-8.480602930633e+08	5.127355388641e+08	5.554755543683e+23
2.714756611189e+08	4.721690773478e+06	-8.424592446088e+08	5.083415222148e+08	5.442990270593e+23
2.742995522191e+08	4.655773058870e+06	-8.368882329551e+08	5.039864412143e+08	5.333555331874e+23
2.771528174477e+08	4.590814213516e+06	-8.313471034200e+08	4.996699625278e+08	5.226400987936e+23
2.800357623546e+08	4.526800040039e+06	-8.258357021210e+08	4.953917556140e+08	5.121478580169e+23
2.829486956679e+08	4.463716553919e+06	-8.203538759713e+08	4.911514926991e+08	5.018740507084e+23
2.858919293272e+08	4.401549980274e+06	-8.149014726759e+08	4.869488487510e+08	4.918140200999e+23
2.888657785169e+08	4.340286750686e+06	-8.094783407280e+08	4.827835014537e+08	4.819632105242e+23
2.918705616998e+08	4.279913500082e+06	-8.040843294047e+08	4.786551311827e+08	4.723171651862e+23
2.949066006514e+08	4.220417063655e+06	-7.987192887639e+08	4.745634209801e+08	4.628715239841e+23
2.979742204945e+08	4.161784473837e+06	-7.933830696402e+08	4.705080565308e+08	4.536220213790e+23
3.010737497335e+08	4.104002957310e+06	-7.880755236419e+08	4.664887261387e+08	4.445644843122e+23
3.042055202902e+08	4.047059932069e+06	-7.827965031474e+08	4.625051207028e+08	4.356948301685e+23
3.073698675390e+08	3.990943004520e+06	-7.775458613020e+08	4.585569336946e+08	4.270090647853e+23
3.105671303426e+08	3.935639966629e+06	-7.723234520152e+08	4.546438611350e+08	4.185032805057e+23
3.137976510890e+08	3.881138793109e+06	-7.671291299582e+08	4.507656015712e+08	4.101736542746e+23
3.170617757273e+08	3.827427638641e+06	-7.619627505609e+08	4.469218560545e+08	4.020164457774e+23
3.203598538054e+08	3.774494835148e+06	-7.568241700103e+08	4.431123281180e+08	3.940279956195e+23
3.236922385071e+08	3.722328889100e+06	-7.517132452488e+08	4.393367237539e+08	3.862047235465e+23
3.270592866901e+08	3.670918478854e+06	-7.466298339725e+08	4.355947513917e+08	3.785431267036e+23
3.304613589242e+08	3.620252452041e+06	-7.415737946309e+08	4.318861218761e+08	3.710397779329e+23
3.338988195295e+08	3.570319822982e+06	-7.365449864259e+08	4.282105484446e+08	3.636913241092e+23
3.373720366162e+08	3.521109770145e+06	-7.315432693126e+08	4.245677467058e+08	3.564944845114e+23
3.408813821233e+08	3.472611633630e+06	-7.265685039996e+08	4.209574346167e+08	3.494460492308e+23
3.444272318589e+08	3.424814912700e+06	-7.216205519506e+08	4.173793324608e+08	3.425428776133e+23
3.480099655400e+08	3.377709263333e+06	-7.166992753867e+08	4.138331628255e+08	3.357818967367e+23
3.516299668337e+08	3.331284495819e+06	-7.118045372887e+08	4.103186505795e+08	3.291600999213e+23
3.552876233978e+08	3.285530572377e+06	-7.069362014012e+08	4.068355228506e+08	3.226745452724e+23
3.589833269226e+08	3.240437604819e+06	-7.020941322369e+08	4.033835090027e+08	3.163223542559e+23
3.627174731729e+08	3.195995852233e+06	-6.972781950810e+08	3.999623406131e+08	3.101007103047e+23
3.664904620299e+08	3.152195718706e+06	-6.924882559984e+08	3.965717514497e+08	3.040068574558e+23
3.703026975347e+08	3.109027751075e+06	-6.877241818393e+08	3.932114774473e+08	2.980380990177e+23
3.741545879312e+08	3.066482636716e+06	-6.829858402473e+08	3.898812566849e+08	2.921917962670e+23
3.780465457096e+08	3.024551201354e+06	-6.782730996672e+08	3.865808293619e+08	2.864653671735e+23
3.819789876511e+08	2.983224406916e+06	-6.735858293539e+08	3.833099377756e+08	2.808562851549e+23
3.859523348720e+08	2.942493349413e+06	-6.689238993817e+08	3.800683262978e+08	2.753620778584e+23
3.899670128695e+08	2.902349256858e+06	-6.642871806533e+08	3.768557413514e+08	2.699803259702e+23
3.940234515662e+08	2.862783487216e+06	-6.596755449095e+08	3.736719313889e+08	2.647086620516e+23
3.981220853574e+08	2.823787526398e+06	-6.550888647385e+08	3.705166468702e+08	2.595447694028e+23
4.022633531564e+08	2.785352986286e+06	-6.505270135840e+08	3.673896402415e+08	2.544863809526e+23
4.064476984425e+08	2.747471602803e+06	-6.459898657537e+08	3.642906659142e+08	2.495312781728e+23
4.106755693079e+08	2.710135234021e+06	-6.414772964253e+08	3.612194802471e+08	2.446772900207e+23
4.149474185059e+08	2.673335858323e+06	-6.369891816503e+08	3.581758415287e+08	2.399222919060e+23
4.192637034992e+08	2.637065572609e+06	-6.325253983563e+08	3.551595099609e+08	2.352642046829e+23
4.236248865093e+08	2.601316590550e+06	-6.280858243450e+08	3.521702476459e+08	2.307009936683e+23
4.280314345656e+08	2.566081240902e+06	-6.236703382866e+08	3.492078185749e+08	2.262306676839e+23
4.324838195554e+08	2.531351965874e+06	-6.192788197097e+08	3.462719886205e+08	2.218512781240e+23
4.369825182747e+08	2.497121319561e+06	-6.149111489847e+08	3.433625255317e+08	2.175609180479e+23
4.415280124792e+08	2.463381966430e+06	-6.105672073012e+08	3.404791989329e+08	2.133577212958e+23
4.461207889357e+08	2.430126679888e+06	-6.062468766380e+08	3.376217803269e+08	2.092398616304e+23
4.507613394745e+08	2.397348340910e+06	-6.019500397235e+08	3.347900431042e+08	2.052055519016e+23
4.554501610417e+08	2.365039936733e+06	-5.976765799890e+08	3.319837625525e+08	2.012530432339e+23
4.601877557529e+08	2.333194559628e+06	-5.934263815099e+08	3.292027158763e+08	1.973806242382e+23
4.649746309465e+08	2.301805405740e+06	-5.891993289373e+08	3.264466822192e+08	1.935866202449e+23
4.698112992383e+08	2.270865773998e+06	-5.849953074184e+08	3.237154426920e+08	1.898693925592e+23
4.746982785764e+08	2.240369065086e+06	-5.808142025053e+08	3.210087804052e+08	1.862273377366e+23
4.796360922964e+08	2.210308780486e+06	-5.766559000515e+08	3.183264805088e+08	1.826588868790e+23
4.846252691779e+08	2.180678521569e+06	-5.725202860983e+08	3.156683302340e+08	1.791625049487e+23
4.896663435008e+08	2.151471988741e+06	-5.684072467491e+08	3.130341189418e+08	1.757366901002e+23
4.947598551024e+08	2.122682980628e+06	-5.643166680340e+08	3.104236381743e+08	1.723799730280e+23
4.999063494355e+08	2.094305393289e+06	-5.602484357661e+08	3.078366817076e+08	1.690909163280e+23
5.051063776269e+08	2.066333219442e+06	-5.562024353905e+08	3.052730456080e+08	1.658681138718e+23
5.103604965359e+08	2.038760547695e+06	-5.521785518296e+08	3.027325282867e+08	1.627101901908e+23
5.156692688144e+08	2.011581561743e+06	-5.481766693277e+08	3.002149305523e+08	1.596157998680e+23
5.210332629670e+08	1.984790539535e+06	-5.441966712977e+08	2.977200556618e+08	1.565836269361e+23
5.264530534120e+08	1.958381852364e+06	-5.402384401772e+08	2.952477093620e+08	1.536123842768e+23
5.319292205426e+08	1.932349963863e+06	-5.363018572964e+08	2.927976999246e+08	1.507008130210e+23
5.374623507894e+08	1.906689428896e+06	-5.323868027649e+08	2.903698381672e+08	1.478476819471e+23
5.430530366830e+08	1.881394892294e+06	-5.284931553831e+08	2.879639374600e+08	1.450517868732e+23
5.487018769175e+08	1.856461087457e+06	-5.246207925802e+08	2.855798137200e+08	1.423119500466e+23
5.544094764145e+08	1.831882834783e+06	-5.207695903857e+08	2.832172853843e+08	1.396270195255e+23
5.601764463883e+08	1.807655039935e+06	-5.169394234358e+08	2.808761733658e+08	1.369958685558e+23
5.660034044109e+08	1.783772691973e+06	-5.131301650141e+08	2.785563009916e+08	1.344173949447e+23
5.718909744781e+08	1.760230861332e+06	-5.093416871267e+08	2.762574939253e+08	1.318905204325e+23
5.778397870767e+08	1.737024697719e+06	-5.055738606091e+08	2.739795800747e+08	1.294141900673e+23
5.838504792519e+08	1.714149427920e+06	-5.018265552599e+08	2.717223894870e+08	1.269873715844e+23
5.899236946753e+08	1.691600353584e+06	-4.980996399957e+08	2.694857542372e+08	1.246090547961e+23
5.960600837140e+08	1.669372849009e+06	-4.943929830216e+08	2.672695083106e+08	1.222782509951e+23
6.022603035003e+08	1.647462358984e+06	-4.907064520072e+08	2.650734874875e+08	1.199939923765e+23
6.085250180019e+08	1.625864396718e+06	-4.870399142607e+08	2.628975292303e+08	1.177553314817e+23
6.148548980931e+08	1.604574541933e+06	-4.833932368882e+08	2.607414725823e+08	1.155613406699e+23
6.212506216267e+08	1.583588439143e+06	-4.797662869288e+08	2.586051580822e+08	1.134111116209e+23
6.277128735064e+08	1.562901796193e+06	-4.761589314484e+08	2.564884277016e+08	1.113037548745e+23
6.342423457606e+08	1.542510383090e+06	-4.725710375847e+08	2.543911248069e+08	1.092383994072e+23
6.408397376158e+08	1.522410031167e+06	-4.690024725279e+08	2.523130941576e+08	1.072141922523e+23
6.475057555719e+08	1.502596632577e+06	-4.654531034336e+08	2.502541819340e+08	1.052302981579e+23
6.542411134782e+08	1.483066140132e+06	-4.619227972618e+08	2.482142358037e+08	1.032858992855e+23
6.610465326089e+08	1.463814567419e+06	-4.584114205469e+08	2.461931050174e+08	1.013801949408e+23
6.679227417414e+08	1.444837989168e+06	-4.549188391049e+08	2.441906405331e+08	9.951240133035e+22
6.748704772335e+08	1.426132541778e+06	-4.514449176886e+08	2.422066951609e+08	9.768175133911e+22
6.818904831028e+08	1.407694423948e+06	-4.479895196053e+08	2.402411237195e+08	9.588749431706e+22
6.889835111060e+08	1.389519897332e+06	-4.445525063078e+08	2.382937832039e+08	9.412889587205e+22
6.961503208199e+08	1.371605287162e+06	-4.411337369737e+08	2.363645329497e+08	9.240523765987e+22
7.033916797219e+08	1.353946982797e+06	-4.377330680829e+08	2.344532347940e+08	9.071581716923e+22
7.107083632733e+08	1.336541438166e+06	-4.343503529985e+08	2.325597532288e+08	8.905994749866e+22
7.181011550012e+08	1.319385172097e+06	-4.309854415576e+08	2.306839555441e+08	8.743695712494e+22
7.255708465834e+08	1.302474768540e+06	-4.276381796700e+08	2.288257119632e+08	8.584618966426e+22
7.331182379324e+08	1.285806876710e+06	-4.243084089200e+08	2.269848957698e+08	8.428700362877e+22
7.407441372817e+08	1.269378211191e+06	-4.209959661644e+08	2.251613834349e+08	8.275877218285e+22
7.484493612718e+08	1.253185552059e+06	-4.177006831100e+08	2.233550547455e+08	8.126088290442e+22
7.562347350379e+08	1.237225745089e+06	-4.144223858575e+08	2.215657929462e+08	7.979273755719e+22
7.641010922985e+08	1.221495702117e+06	-4.111608943901e+08	2.197934849002e+08	7.835375188009e+22
7.720492754441e+08	1.205992401625e+06	-4.079160219874e+08	2.180380212780e+08	7.694335539966e+22
7.800801356282e+08	1.190712889623e+06	-4.046875745440e+08	2.162992967833e+08	7.556099127027e+22
7.881945328575e+08	1.175654280858e+06	-4.014753497746e+08	2.145772104216e+08	7.420611614588e+22
7.963933360849e+08	1.160813760410e+06	-3.982791362888e+08	2.128716658183e+08	7.287820008542e+22
8.046774233019e+08	1.146188585682e+06	-3.950987125236e+08	2.111825715899e+08	7.157672649248e+22
8.130476816330e+08	1.131776088796e+06	-3.919338455219e+08	2.095098417705e+08	7.030119208911e+22
8.215050074305e+08	1.117573679416e+06	-3.887842895445e+08	2.078533962980e+08	6.905110692371e+22
8.300503063706e+08	1.103578848027e+06	-3.856497844997e+08	2.062131615651e+08	6.782599441447e+22
8.386844935504e+08	1.089789169721e+06	-3.825300541619e+08	2.045890710434e+08	6.662539143258e+22
8.474084935857e+08	1.076202308634e+06	-3.794248041389e+08	2.029810659970e+08	6.544884843369e+22
8.562232407102e+08	1.062816023147e+06	-3.763337195301e+08	2.013890963069e+08	6.429592964909e+22
8.651296788758e+08	1.049628172091e+06	-3.732564622061e+08	1.998131214323e+08	6.316621335119e+22
8.741287618529e+08	1.036636722140e+06	-3.701926676323e+08	1.982531115383e+08	6.205929220909e+22
8.832214533333e+08	1.023839756669e+06	-3.671419411521e+08	1.967090488265e+08	6.097477375286e+22
8.924087270331e+08	1.011235486466e+06	-3.641038536563e+08	1.951809291185e+08	5.991228097511e+22
9.016915667971e+08	9.988222631550e+05	-3.610779366439e+08	1.936687637922e+08	5.887145313591e+22
9.110709667038e+08	9.865985980097e+05	-3.580636770707e+08	1.921725823652e+08	5.785194698220e+22
9.205479311723e+08	9.745631960318e+05	-3.550605141987e+08	1.906924367770e+08	5.685343916827e+22
9.301234750697e+08	9.627150503559e+05	-3.520678464730e+08	1.892284152189e+08	5.587563372920e+22
9.397986238196e+08	9.510537425952e+05	-3.490850983475e+08	1.877806723673e+08	5.491828537814e+22
9.495744135122e+08	9.395806806535e+05	-3.461120133042e+08	1.863495868309e+08	5.398129920155e+22
9.594518910150e+08	9.283040949948e+05	-3.431499641904e+08	1.849363695472e+08	5.306512974316e+22
9.694321140852e+08	9.172597460397e+05	-3.402075356580e+08	1.835456504236e+08	5.217243273321e+22
9.795161514825e+08	9.065958707783e+05	-3.373239705445e+08	1.821962642363e+08	5.131481864796e+22
9.897050830841e+08	8.969048221152e+05	-3.346626522396e+08	1.809640429509e+08	5.053913538921e+22
