1.206529e+06    9.290688e+10    -6.252142e+07    6.233488e+10
1.219611e+06    7.743185e+10    1.091715e+07    6.115228e+10
1.232834e+06    6.415040e+10    5.225438e+06    6.037344e+10
1.246202e+06    5.318299e+10    8.082854e+06    5.972304e+10
1.259714e+06    4.409151e+10    9.826646e+06    5.910810e+10
1.273372e+06    3.658890e+10    1.186783e+07    5.850891e+10
1.287179e+06    3.041160e+10    1.418997e+07    5.790641e+10
1.301135e+06    2.533465e+10    1.686844e+07    5.728542e+10
1.315242e+06    2.117029e+10    1.993480e+07    5.663484e+10
1.329503e+06    1.776190e+10    2.341083e+07    5.594824e+10
1.343918e+06    1.497770e+10    2.730203e+07    5.522429e+10
1.358490e+06    1.270595e+10    3.159888e+07    5.446636e+10
1.373219e+06    1.085184e+10    3.628068e+07    5.368119e+10
1.388108e+06    9.335640e+09    4.131852e+07    5.287734e+10
1.403159e+06    8.091273e+09    4.667889e+07    5.206351e+10
1.418373e+06    7.064804e+09    5.232666e+07    5.124761e+10
1.433752e+06    6.212834e+09    5.822726e+07    5.043625e+10
1.449297e+06    5.500808e+09    6.434799e+07    4.963455e+10
1.465011e+06    4.901397e+09    7.065894e+07    4.884627e+10
1.480896e+06    4.393051e+09    7.713333e+07    4.807401e+10
1.496952e+06    3.958778e+09    8.374754e+07    4.731943e+10
1.513183e+06    3.585154e+09    9.048167e+07    4.658348e+10
1.529590e+06    3.261530e+09    9.731735e+07    4.586659e+10
1.546174e+06    2.979415e+09    1.042401e+08    4.516879e+10
1.562939e+06    2.732000e+09    1.112363e+08    4.448987e+10
1.579885e+06    2.513790e+09    1.182964e+08    4.382945e+10
1.597015e+06    2.320325e+09    1.254088e+08    4.318697e+10
1.614330e+06    2.147957e+09    1.325682e+08    4.256183e+10
1.631834e+06    1.993682e+09    1.397662e+08    4.195345e+10
1.649527e+06    1.855011e+09    1.469947e+08    4.136110e+10
1.667412e+06    1.729872e+09    1.542542e+08    4.078413e+10
1.685491e+06    1.616531e+09    1.615366e+08    4.022195e+10
1.703766e+06    1.513526e+09    1.688388e+08    3.967389e+10
1.722239e+06    1.419610e+09    1.761582e+08    3.913939e+10
1.740912e+06    1.333731e+09    1.834915e+08    3.861782e+10
1.759788e+06    1.254978e+09    1.908370e+08    3.810867e+10
1.778869e+06    1.182574e+09    1.981922e+08    3.761139e+10
1.798156e+06    1.115842e+09    2.055559e+08    3.712550e+10
1.817653e+06    1.054199e+09    2.129263e+08    3.665051e+10
1.837361e+06    9.971328e+08    2.203025e+08    3.618599e+10
1.857282e+06    9.441987e+08    2.276831e+08    3.573151e+10
1.877420e+06    8.950019e+08    2.350675e+08    3.528669e+10
1.897776e+06    8.491985e+08    2.424549e+08    3.485112e+10
1.918352e+06    8.064813e+08    2.498446e+08    3.442448e+10
1.939152e+06    7.665793e+08    2.572363e+08    3.400640e+10
1.960178e+06    7.292509e+08    2.646293e+08    3.359661e+10
1.981431e+06    6.942796e+08    2.720236e+08    3.319476e+10
2.002914e+06    6.614735e+08    2.794186e+08    3.280060e+10
2.024631e+06    6.306578e+08    2.868144e+08    3.241384e+10
2.046583e+06    6.016776e+08    2.942108e+08    3.203424e+10
2.068773e+06    5.743917e+08    3.016075e+08    3.166157e+10
2.091204e+06    5.486724e+08    3.090049e+08    3.129557e+10
2.113878e+06    5.244057e+08    3.164024e+08    3.093605e+10
2.136798e+06    5.014853e+08    3.238006e+08    3.058279e+10
2.159966e+06    4.798171e+08    3.311994e+08    3.023560e+10
2.183385e+06    4.593137e+08    3.385985e+08    2.989430e+10
2.207058e+06    4.398955e+08    3.459987e+08    2.955870e+10
2.230988e+06    4.214907e+08    3.533996e+08    2.922863e+10
2.255178e+06    4.040319e+08    3.608013e+08    2.890395e+10
2.279630e+06    3.874581e+08    3.682047e+08    2.858448e+10
2.304347e+06    3.717136e+08    3.756090e+08    2.827010e+10
2.329332e+06    3.567460e+08    3.830149e+08    2.796065e+10
2.354588e+06    3.425076e+08    3.904228e+08    2.765600e+10
2.380117e+06    3.289547e+08    3.978324e+08    2.735603e+10
2.405924e+06    3.160458e+08    4.052443e+08    2.706061e+10
2.432010e+06    3.037436e+08    4.126587e+08    2.676963e+10
2.458379e+06    2.920129e+08    4.200753e+08    2.648297e+10
2.485034e+06    2.808207e+08    4.274950e+08    2.620053e+10
2.511978e+06    2.701372e+08    4.349179e+08    2.592220e+10
2.539214e+06    2.599340e+08    4.423436e+08    2.564789e+10
2.566745e+06    2.501846e+08    4.497732e+08    2.537750e+10
2.594575e+06    2.408648e+08    4.572065e+08    2.511093e+10
2.622706e+06    2.319517e+08    4.646435e+08    2.484811e+10
2.651143e+06    2.234235e+08    4.720849e+08    2.458894e+10
2.679888e+06    2.152604e+08    4.795308e+08    2.433334e+10
2.708945e+06    2.074438e+08    4.869809e+08    2.408124e+10
2.738317e+06    1.999557e+08    4.944361e+08    2.383256e+10
2.768007e+06    1.927799e+08    5.018967e+08    2.358723e+10
2.798019e+06    1.859009e+08    5.093620e+08    2.334517e+10
2.828356e+06    1.793039e+08    5.168329e+08    2.310633e+10
2.859023e+06    1.729752e+08    5.243099e+08    2.287062e+10
2.890022e+06    1.669022e+08    5.317922e+08    2.263799e+10
2.921357e+06    1.610724e+08    5.392806e+08    2.240839e+10
2.953032e+06    1.554744e+08    5.467758e+08    2.218174e+10
2.985050e+06    1.500975e+08    5.542770e+08    2.195799e+10
3.017415e+06    1.449314e+08    5.617846e+08    2.173710e+10
3.050131e+06    1.399664e+08    5.692995e+08    2.151899e+10
3.083202e+06    1.351935e+08    5.768211e+08    2.130362e+10
3.116632e+06    1.306040e+08    5.843495e+08    2.109095e+10
3.150424e+06    1.261896e+08    5.918854e+08    2.088091e+10
3.184582e+06    1.219427e+08    5.994291e+08    2.067346e+10
3.219111e+06    1.178561e+08    6.069797e+08    2.046857e+10
3.254014e+06    1.139225e+08    6.145380e+08    2.026618e+10
3.289296e+06    1.101355e+08    6.221048e+08    2.006624e+10
3.324960e+06    1.064888e+08    6.296790e+08    1.986872e+10
3.361011e+06    1.029766e+08    6.372609e+08    1.967358e+10
3.397452e+06    9.959290e+07    6.448515e+08    1.948077e+10
3.434289e+06    9.633255e+07    6.524504e+08    1.929026e+10
3.471526e+06    9.319049e+07    6.600572e+08    1.910202e+10
3.509166e+06    9.016169e+07    6.676724e+08    1.891599e+10
3.547214e+06    8.724154e+07    6.752968e+08    1.873214e+10
3.585674e+06    8.442574e+07    6.829293e+08    1.855045e+10
3.624552e+06    8.171002e+07    6.905702e+08    1.837088e+10
3.663851e+06    7.909030e+07    6.982204e+08    1.819338e+10
3.703576e+06    7.656280e+07    7.058793e+08    1.801794e+10
3.743732e+06    7.412396e+07    7.135466e+08    1.784452e+10
3.784323e+06    7.177017e+07    7.212228e+08    1.767309e+10
3.825354e+06    6.949810e+07    7.289086e+08    1.750361e+10
3.866831e+06    6.730469e+07    7.366029e+08    1.733607e+10
3.908757e+06    6.518684e+07    7.443057e+08    1.717042e+10
3.951138e+06    6.314161e+07    7.520181e+08    1.700665e+10
3.993978e+06    6.116624e+07    7.597398e+08    1.684472e+10
4.037282e+06    5.925815e+07    7.674698e+08    1.668461e+10
4.081056e+06    5.741472e+07    7.752088e+08    1.652630e+10
4.125305e+06    5.563351e+07    7.829574e+08    1.636975e+10
4.170034e+06    5.391225e+07    7.907149e+08    1.621493e+10
4.215248e+06    5.224872e+07    7.984807e+08    1.606184e+10
4.260951e+06    5.064072e+07    8.062558e+08    1.591044e+10
4.307150e+06    4.908620e+07    8.140404e+08    1.576071e+10
4.353850e+06    4.758329e+07    8.218333e+08    1.561262e+10
4.401057e+06    4.613005e+07    8.296348e+08    1.546616e+10
4.448775e+06    4.472466e+07    8.374455e+08    1.532129e+10
4.497010e+06    4.336539e+07    8.452654e+08    1.517801e+10
4.545770e+06    4.205064e+07    8.530933e+08    1.503628e+10
4.595057e+06    4.077878e+07    8.609297e+08    1.489610e+10
4.644879e+06    3.954824e+07    8.687753e+08    1.475743e+10
4.695241e+06    3.835759e+07    8.766294e+08    1.462025e+10
4.746148e+06    3.720546e+07    8.844913e+08    1.448455e+10
4.797608e+06    3.609043e+07    8.923616e+08    1.435032e+10
4.849626e+06    3.501120e+07    9.002409e+08    1.421751e+10
4.902209e+06    3.396655e+07    9.081280e+08    1.408613e+10
4.955360e+06    3.295529e+07    9.160226e+08    1.395615e+10
5.009088e+06    3.197622e+07    9.239254e+08    1.382756e+10
5.063400e+06    3.102823e+07    9.318369e+08    1.370032e+10
5.118300e+06    3.011028e+07    9.397556e+08    1.357444e+10
5.173794e+06    2.922134e+07    9.476813e+08    1.344990e+10
5.229891e+06    2.836039e+07    9.556151e+08    1.332666e+10
5.286596e+06    2.752648e+07    9.635569e+08    1.320472e+10
5.343916e+06    2.671873e+07    9.715053e+08    1.308407e+10
5.401857e+06    2.593623e+07    9.794604e+08    1.296469e+10
5.460426e+06    2.517812e+07    9.874232e+08    1.284655e+10
5.519631e+06    2.444357e+07    9.953933e+08    1.272965e+10
5.579478e+06    2.373184e+07    1.003370e+09    1.261397e+10
5.639973e+06    2.304214e+07    1.011352e+09    1.249950e+10
5.701124e+06    2.237372e+07    1.019342e+09    1.238621e+10
5.762938e+06    2.172589e+07    1.027338e+09    1.227410e+10
5.825422e+06    2.109798e+07    1.035339e+09    1.216316e+10
5.888584e+06    2.048933e+07    1.043347e+09    1.205336e+10
5.952431e+06    1.989928e+07    1.051361e+09    1.194470e+10
6.016970e+06    1.932725e+07    1.059381e+09    1.183716e+10
6.082209e+06    1.877265e+07    1.067406e+09    1.173072e+10
6.148155e+06    1.823490e+07    1.075436e+09    1.162539e+10
6.214816e+06    1.771345e+07    1.083472e+09    1.152113e+10
6.282200e+06    1.720777e+07    1.091513e+09    1.141793e+10
6.350315e+06    1.671738e+07    1.099558e+09    1.131580e+10
6.419168e+06    1.624176e+07    1.107608e+09    1.121472e+10
6.488768e+06    1.578044e+07    1.115664e+09    1.111466e+10
6.559122e+06    1.533295e+07    1.123723e+09    1.101562e+10
6.630238e+06    1.489887e+07    1.131787e+09    1.091759e+10
6.702126e+06    1.447777e+07    1.139854e+09    1.082056e+10
6.774794e+06    1.406922e+07    1.147926e+09    1.072450e+10
6.848250e+06    1.367282e+07    1.156002e+09    1.062943e+10
6.922502e+06    1.328822e+07    1.164080e+09    1.053531e+10
6.997559e+06    1.291501e+07    1.172162e+09    1.044215e+10
7.073430e+06    1.255284e+07    1.180248e+09    1.034993e+10
7.150123e+06    1.220137e+07    1.188337e+09    1.025863e+10
7.227648e+06    1.186027e+07    1.196428e+09    1.016826e+10
7.306013e+06    1.152921e+07    1.204521e+09    1.007879e+10
7.385228e+06    1.120786e+07    1.212618e+09    9.990221e+09
7.465302e+06    1.089594e+07    1.220718e+09    9.902538e+09
7.546244e+06    1.059315e+07    1.228819e+09    9.815734e+09
7.628064e+06    1.029920e+07    1.236921e+09    9.729801e+09
7.710770e+06    1.001382e+07    1.245026e+09    9.644723e+09
7.794374e+06    9.736747e+06    1.253134e+09    9.560492e+09
7.878885e+06    9.467730e+06    1.261242e+09    9.477102e+09
7.964312e+06    9.206518e+06    1.269351e+09    9.394544e+09
8.050664e+06    8.952863e+06    1.277463e+09    9.312802e+09
8.137953e+06    8.706537e+06    1.285575e+09    9.231871e+09
8.226188e+06    8.467325e+06    1.293689e+09    9.151742e+09
8.315380e+06    8.235008e+06    1.301802e+09    9.072410e+09
8.405540e+06    8.009365e+06    1.309917e+09    8.993860e+09
8.496677e+06    7.790198e+06    1.318033e+09    8.916083e+09
8.588801e+06    7.577316e+06    1.326149e+09    8.839074e+09
8.681925e+06    7.370531e+06    1.334264e+09    8.762826e+09
8.776059e+06    7.169648e+06    1.342380e+09    8.687326e+09
8.871213e+06    6.974491e+06    1.350498e+09    8.612566e+09
8.967399e+06    6.784894e+06    1.358615e+09    8.538539e+09
9.064627e+06    6.600692e+06    1.366730e+09    8.465241e+09
9.162910e+06    6.421714e+06    1.374846e+09    8.392659e+09
9.262259e+06    6.247804e+06    1.382964e+09    8.320784e+09
9.362684e+06    6.078815e+06    1.391080e+09    8.249611e+09
9.464199e+06    5.914605e+06    1.399195e+09    8.179133e+09
9.566814e+06    5.755025e+06    1.407310e+09    8.109343e+09
9.670541e+06    5.599934e+06    1.415425e+09    8.040228e+09
9.775393e+06    5.449202e+06    1.423541e+09    7.971783e+09
9.881383e+06    5.302706e+06    1.431655e+09    7.904004e+09
9.988522e+06    5.160316e+06    1.439767e+09    7.836883e+09
1.009682e+07    5.021908e+06    1.447881e+09    7.770407e+09
1.020630e+07    4.887363e+06    1.455995e+09    7.704573e+09
1.031696e+07    4.756576e+06    1.464108e+09    7.639374e+09
1.042882e+07    4.629433e+06    1.472220e+09    7.574806e+09
1.054189e+07    4.505822e+06    1.480333e+09    7.510856e+09
1.065619e+07    4.385642e+06    1.488446e+09    7.447518e+09
1.077173e+07    4.268795e+06    1.496560e+09    7.384787e+09
1.088852e+07    4.155186e+06    1.504672e+09    7.322659e+09
1.100658e+07    4.044714e+06    1.512786e+09    7.261123e+09
1.112592e+07    3.937288e+06    1.520901e+09    7.200172e+09
1.124655e+07    3.832822e+06    1.529018e+09    7.139801e+09
1.136849e+07    3.731233e+06    1.537134e+09    7.080005e+09
1.149176e+07    3.632434e+06    1.545252e+09    7.020777e+09
1.161635e+07    3.536340e+06    1.553374e+09    6.962106e+09
1.174230e+07    3.442877e+06    1.561498e+09    6.903990e+09
1.186962e+07    3.351971e+06    1.569624e+09    6.846422e+09
1.199832e+07    3.263548e+06    1.577753e+09    6.789398e+09
1.212841e+07    3.177530e+06    1.585887e+09    6.732905e+09
1.225991e+07    3.093850e+06    1.594027e+09    6.676941e+09
1.239284e+07    3.012444e+06    1.602171e+09    6.621499e+09
1.252720e+07    2.933247e+06    1.610320e+09    6.566577e+09
1.266303e+07    2.856191e+06    1.618477e+09    6.512162e+09
1.280033e+07    2.781214e+06    1.626643e+09    6.458249e+09
1.293912e+07    2.708260e+06    1.634818e+09    6.404834e+09
1.307941e+07    2.637271e+06    1.643002e+09    6.351911e+09
1.322122e+07    2.568188e+06    1.651197e+09    6.299474e+09
1.336457e+07    2.500955e+06    1.659407e+09    6.247513e+09
1.350948e+07    2.435520e+06    1.667631e+09    6.196023e+09
1.365595e+07    2.371834e+06    1.675871e+09    6.145000e+09
1.380401e+07    2.309846e+06    1.684127e+09    6.094438e+09
1.395368e+07    2.249502e+06    1.692405e+09    6.044326e+09
1.410498e+07    2.190760e+06    1.700705e+09    5.994660e+09
1.425791e+07    2.133565e+06    1.709027e+09    5.945442e+09
1.441250e+07    2.077961e+06    1.717332e+09    5.896662e+09
1.456876e+07    2.023681e+06    1.725622e+09    5.848479e+09
1.472673e+07    1.972200e+06    1.733188e+09    5.800783e+09
1.488640e+07    1.923787e+06    1.738719e+09    5.754907e+09
1.504781e+07    1.876310e+06    1.744680e+09    5.709097e+09
1.521096e+07    1.830153e+06    1.750503e+09    5.663805e+09
1.537588e+07    1.785140e+06    1.756350e+09    5.618896e+09
1.554260e+07    1.741272e+06    1.762177e+09    5.574403e+09
1.571112e+07    1.698513e+06    1.767992e+09    5.530313e+09
1.588146e+07    1.656837e+06    1.773790e+09    5.486627e+09
1.605366e+07    1.616212e+06    1.779577e+09    5.443338e+09
1.622772e+07    1.576609e+06    1.785353e+09    5.400438e+09
1.640367e+07    1.538004e+06    1.791115e+09    5.357929e+09
1.658152e+07    1.500372e+06    1.796863e+09    5.315807e+09
1.676131e+07    1.463689e+06    1.802595e+09    5.274070e+09
1.694304e+07    1.427926e+06    1.808316e+09    5.232709e+09
1.712674e+07    1.393060e+06    1.814025e+09    5.191720e+09
1.731244e+07    1.359069e+06    1.819720e+09    5.151105e+09
1.750015e+07    1.325932e+06    1.825399e+09    5.110859e+09
1.768989e+07    1.293627e+06    1.831062e+09    5.070979e+09
1.788170e+07    1.262128e+06    1.836715e+09    5.031456e+09
1.807558e+07    1.231416e+06    1.842356e+09    4.992290e+09
1.827156e+07    1.201472e+06    1.847981e+09    4.953479e+09
1.846967e+07    1.172279e+06    1.853588e+09    4.915022e+09
1.866993e+07    1.143814e+06    1.859182e+09    4.876912e+09
1.887235e+07    1.116055e+06    1.864766e+09    4.839142e+09
1.907698e+07    1.088989e+06    1.870336e+09    4.801713e+09
1.928382e+07    1.062598e+06    1.875890e+09    4.764623e+09
1.949290e+07    1.036866e+06    1.881424e+09    4.727871e+09
1.970425e+07    1.011771e+06    1.886948e+09    4.691448e+09
1.991790e+07    9.872972e+05    1.892462e+09    4.655349e+09
2.013385e+07    9.634319e+05    1.897960e+09    4.619575e+09
2.035215e+07    9.401608e+05    1.903439e+09    4.584127e+09
2.057282e+07    9.174682e+05    1.908900e+09    4.549002e+09
2.079588e+07    8.953338e+05    1.914354e+09    4.514185e+09
2.102136e+07    8.737452e+05    1.919797e+09    4.479679e+09
2.124928e+07    8.526914e+05    1.925224e+09    4.445483e+09
2.147968e+07    8.321628e+05    1.930625e+09    4.411602e+09
2.171257e+07    8.121409e+05    1.936011e+09    4.378026e+09
2.194799e+07    7.926061e+05    1.941399e+09    4.344738e+09
2.218596e+07    7.735511e+05    1.946777e+09    4.311746e+09
2.242651e+07    7.549649e+05    1.952142e+09    4.279046e+09
2.266967e+07    7.368572e+05    1.957437e+09    4.246678e+09
2.291546e+07    7.191963e+05    1.962713e+09    4.214602e+09
2.316392e+07    7.019553e+05    1.968012e+09    4.182787e+09
2.341507e+07    6.851351e+05    1.973304e+09    4.151250e+09
2.366895e+07    6.687198e+05    1.978605e+09    4.119979e+09
2.392558e+07    6.527108e+05    1.983880e+09    4.088994e+09
2.418499e+07    6.371001e+05    1.989123e+09    4.058298e+09
2.444722e+07    6.218728e+05    1.994347e+09    4.027876e+09
2.471228e+07    6.070166e+05    1.999561e+09    3.997722e+09
2.498022e+07    5.925209e+05    2.004770e+09    3.967831e+09
2.525107e+07    5.783810e+05    2.009959e+09    3.938208e+09
2.552486e+07    5.645879e+05    2.015128e+09    3.908851e+09
2.580161e+07    5.511321e+05    2.020280e+09    3.879757e+09
2.608136e+07    5.380032e+05    2.025422e+09    3.850917e+09
2.636414e+07    5.251931e+05    2.030553e+09    3.822331e+09
2.665000e+07    5.126960e+05    2.035665e+09    3.794000e+09
2.693895e+07    5.005037e+05    2.040761e+09    3.765922e+09
2.723103e+07    4.886082e+05    2.045840e+09    3.738092e+09
2.752628e+07    4.770008e+05    2.050909e+09    3.710505e+09
2.782473e+07    4.656748e+05    2.055965e+09    3.683161e+09
2.812642e+07    4.546246e+05    2.061002e+09    3.656061e+09
2.843138e+07    4.438425e+05    2.066025e+09    3.629199e+09
2.873965e+07    4.333219e+05    2.071032e+09    3.602574e+09
2.905126e+07    4.230554e+05    2.076028e+09    3.576182e+09
2.936624e+07    4.130374e+05    2.081010e+09    3.550021e+09
2.968464e+07    4.032622e+05    2.085974e+09    3.524092e+09
3.000650e+07    3.937234e+05    2.090924e+09    3.498391e+09
3.033184e+07    3.844150e+05    2.095859e+09    3.472914e+09
3.066071e+07    3.753309e+05    2.100783e+09    3.447659e+09
3.099315e+07    3.664660e+05    2.105692e+09    3.422626e+09
3.132919e+07    3.578152e+05    2.110584e+09    3.397812e+09
3.166888e+07    3.493730e+05    2.115462e+09    3.373216e+09
3.201225e+07    3.411339e+05    2.120326e+09    3.348833e+09
3.235934e+07    3.330927e+05    2.125179e+09    3.324662e+09
3.271019e+07    3.252451e+05    2.130016e+09    3.300702e+09
3.306485e+07    3.175863e+05    2.134838e+09    3.276951e+09
3.342335e+07    3.101116e+05    2.139645e+09    3.253407e+09
3.378574e+07    3.028161e+05    2.144439e+09    3.230066e+09
3.415206e+07    2.956954e+05    2.149221e+09    3.206927e+09
3.452236e+07    2.887456e+05    2.153988e+09    3.183989e+09
3.489666e+07    2.819624e+05    2.158740e+09    3.161249e+09
3.527503e+07    2.753418e+05    2.163479e+09    3.138707e+09
3.565750e+07    2.688794e+05    2.168204e+09    3.116358e+09
3.604411e+07    2.625715e+05    2.172917e+09    3.094201e+09
3.643492e+07    2.564145e+05    2.177616e+09    3.072237e+09
3.682996e+07    2.504046e+05    2.182300e+09    3.050460e+09
3.722929e+07    2.445383e+05    2.186970e+09    3.028871e+09
3.763294e+07    2.388119e+05    2.191628e+09    3.007467e+09
3.804098e+07    2.332219e+05    2.196274e+09    2.986246e+09
3.845343e+07    2.277653e+05    2.200905e+09    2.965207e+09
3.887036e+07    2.224387e+05    2.205523e+09    2.944348e+09
3.929182e+07    2.172389e+05    2.210127e+09    2.923667e+09
3.971783e+07    2.121628e+05    2.214719e+09    2.903161e+09
4.014847e+07    2.072073e+05    2.219299e+09    2.882830e+09
4.058378e+07    2.023697e+05    2.223865e+09    2.862672e+09
4.102380e+07    1.976470e+05    2.228418e+09    2.842685e+09
4.146860e+07    1.930365e+05    2.232958e+09    2.822868e+09
4.191822e+07    1.885352e+05    2.237487e+09    2.803218e+09
4.237272e+07    1.841407e+05    2.242003e+09    2.783734e+09
4.283215e+07    1.798505e+05    2.246505e+09    2.764414e+09
4.329655e+07    1.756619e+05    2.250995e+09    2.745257e+09
4.376599e+07    1.715724e+05    2.255473e+09    2.726261e+09
4.424052e+07    1.675797e+05    2.259939e+09    2.707425e+09
4.472020e+07    1.636814e+05    2.264393e+09    2.688746e+09
4.520508e+07    1.598753e+05    2.268834e+09    2.670224e+09
4.569521e+07    1.561592e+05    2.273263e+09    2.651856e+09
4.619066e+07    1.525308e+05    2.277680e+09    2.633642e+09
4.669148e+07    1.489880e+05    2.282085e+09    2.615579e+09
4.719772e+07    1.455288e+05    2.286479e+09    2.597666e+09
4.770946e+07    1.421512e+05    2.290861e+09    2.579902e+09
4.822675e+07    1.388532e+05    2.295230e+09    2.562285e+09
4.874965e+07    1.356329e+05    2.299589e+09    2.544813e+09
4.927821e+07    1.324884e+05    2.303937e+09    2.527486e+09
4.981251e+07    1.294179e+05    2.308272e+09    2.510301e+09
5.035260e+07    1.264196e+05    2.312596e+09    2.493257e+09
5.089854e+07    1.234919e+05    2.316909e+09    2.476354e+09
5.145041e+07    1.206329e+05    2.321211e+09    2.459588e+09
5.200826e+07    1.178411e+05    2.325502e+09    2.442960e+09
5.257215e+07    1.151148e+05    2.329782e+09    2.426467e+09
5.314216e+07    1.124525e+05    2.334051e+09    2.410108e+09
5.371835e+07    1.098527e+05    2.338308e+09    2.393882e+09
5.430079e+07    1.073138e+05    2.342556e+09    2.377787e+09
5.488954e+07    1.048344e+05    2.346793e+09    2.361823e+09
5.548468e+07    1.024131e+05    2.351019e+09    2.345987e+09
5.608627e+07    1.000485e+05    2.355234e+09    2.330279e+09
5.669438e+07    9.773925e+04    2.359439e+09    2.314696e+09
5.730909e+07    9.548399e+04    2.363633e+09    2.299239e+09
5.793046e+07    9.328146e+04    2.367818e+09    2.283905e+09
5.855857e+07    9.113042e+04    2.371993e+09    2.268693e+09
5.919349e+07    8.902965e+04    2.376157e+09    2.253602e+09
5.983529e+07    8.697794e+04    2.380311e+09    2.238631e+09
6.048406e+07    8.497411e+04    2.384455e+09    2.223779e+09
6.113984e+07    8.301703e+04    2.388590e+09    2.209043e+09
6.180275e+07    8.110561e+04    2.392715e+09    2.194424e+09
6.247284e+07    7.923876e+04    2.396830e+09    2.179919e+09
6.315020e+07    7.741542e+04    2.400935e+09    2.165528e+09
6.383490e+07    7.563455e+04    2.405031e+09    2.151249e+09
6.452703e+07    7.389514e+04    2.409118e+09    2.137082e+09
6.522666e+07    7.219623e+04    2.413196e+09    2.123025e+09
6.593388e+07    7.053685e+04    2.417264e+09    2.109076e+09
6.664876e+07    6.891607e+04    2.421322e+09    2.095236e+09
6.737139e+07    6.733297e+04    2.425372e+09    2.081502e+09
6.810186e+07    6.578666e+04    2.429413e+09    2.067873e+09
6.884026e+07    6.427627e+04    2.433445e+09    2.054349e+09
6.958666e+07    6.280096e+04    2.437468e+09    2.040928e+09
7.034114e+07    6.135991e+04    2.441482e+09    2.027609e+09
7.110382e+07    5.995229e+04    2.445488e+09    2.014391e+09
7.187475e+07    5.857732e+04    2.449485e+09    2.001273e+09
7.265406e+07    5.723425e+04    2.453474e+09    1.988255e+09
7.344180e+07    5.592231e+04    2.457453e+09    1.975334e+09
7.423809e+07    5.464077e+04    2.461425e+09    1.962509e+09
7.504301e+07    5.338891e+04    2.465389e+09    1.949781e+09
7.585666e+07    5.216604e+04    2.469344e+09    1.937147e+09
7.667913e+07    5.097148e+04    2.473291e+09    1.924607e+09
7.751052e+07    4.980457e+04    2.477230e+09    1.912160e+09
7.835093e+07    4.866466e+04    2.481161e+09    1.899804e+09
7.920044e+07    4.755109e+04    2.485084e+09    1.887539e+09
8.005916e+07    4.646327e+04    2.489000e+09    1.875364e+09
8.092720e+07    4.540060e+04    2.492907e+09    1.863277e+09
8.180466e+07    4.436247e+04    2.496807e+09    1.851278e+09
8.269162e+07    4.334832e+04    2.500699e+09    1.839366e+09
8.358819e+07    4.235758e+04    2.504584e+09    1.827540e+09
8.449450e+07    4.138970e+04    2.508462e+09    1.815798e+09
8.541062e+07    4.044416e+04    2.512332e+09    1.804141e+09
8.633668e+07    3.952043e+04    2.516195e+09    1.792566e+09
8.727278e+07    3.861800e+04    2.520050e+09    1.781074e+09
8.821903e+07    3.773636e+04    2.523898e+09    1.769662e+09
8.917554e+07    3.687505e+04    2.527740e+09    1.758331e+09
9.014242e+07    3.603357e+04    2.531574e+09    1.747080e+09
9.111978e+07    3.521148e+04    2.535401e+09    1.735907e+09
9.210775e+07    3.440831e+04    2.539222e+09    1.724811e+09
9.310642e+07    3.362363e+04    2.543036e+09    1.713792e+09
9.411592e+07    3.285700e+04    2.546843e+09    1.702849e+09
9.513636e+07    3.210801e+04    2.550643e+09    1.691981e+09
9.616787e+07    3.137625e+04    2.554437e+09    1.681187e+09
9.721058e+07    3.066131e+04    2.558224e+09    1.670466e+09
9.826458e+07    2.996279e+04    2.562005e+09    1.659818e+09
9.933000e+07    2.928033e+04    2.565779e+09    1.649242e+09
1.004070e+08    2.861355e+04    2.569547e+09    1.638736e+09
1.014956e+08    2.796208e+04    2.573309e+09    1.628300e+09
1.025961e+08    2.732556e+04    2.577064e+09    1.617933e+09
1.037085e+08    2.670366e+04    2.580814e+09    1.607635e+09
1.048329e+08    2.609602e+04    2.584558e+09    1.597404e+09
1.059696e+08    2.550232e+04    2.588295e+09    1.587240e+09
1.071186e+08    2.492224e+04    2.592026e+09    1.577142e+09
1.082800e+08    2.435546e+04    2.595752e+09    1.567109e+09
1.094540e+08    2.380168e+04    2.599471e+09    1.557141e+09
1.106408e+08    2.326058e+04    2.603185e+09    1.547236e+09
1.118404e+08    2.273188e+04    2.606894e+09    1.537394e+09
1.130530e+08    2.221529e+04    2.610596e+09    1.527614e+09
1.142788e+08    2.171053e+04    2.614293e+09    1.517896e+09
1.155178e+08    2.121733e+04    2.617985e+09    1.508238e+09
1.167703e+08    2.073541e+04    2.621671e+09    1.498640e+09
1.180364e+08    2.026452e+04    2.625352e+09    1.489101e+09
1.193162e+08    1.980441e+04    2.629027e+09    1.479621e+09
1.206099e+08    1.935482e+04    2.632697e+09    1.470198e+09
1.219176e+08    1.891551e+04    2.636361e+09    1.460833e+09
1.232395e+08    1.848624e+04    2.640021e+09    1.451524e+09
1.245757e+08    1.806679e+04    2.643675e+09    1.442270e+09
1.259264e+08    1.765692e+04    2.647324e+09    1.433071e+09
1.272917e+08    1.725642e+04    2.650968e+09    1.423927e+09
1.286719e+08    1.686506e+04    2.654607e+09    1.414836e+09
1.300670e+08    1.648264e+04    2.658241e+09    1.405798e+09
1.314773e+08    1.610896e+04    2.661870e+09    1.396812e+09
1.329028e+08    1.574380e+04    2.665494e+09    1.387878e+09
1.343438e+08    1.538698e+04    2.669113e+09    1.378994e+09
1.358004e+08    1.503829e+04    2.672728e+09    1.370161e+09
1.372728e+08    1.469756e+04    2.676338e+09    1.361377e+09
1.387612e+08    1.436461e+04    2.679944e+09    1.352642e+09
1.402657e+08    1.403924e+04    2.683544e+09    1.343954e+09
1.417865e+08    1.372129e+04    2.687141e+09    1.335315e+09
1.433238e+08    1.341060e+04    2.690732e+09    1.326722e+09
1.448778e+08    1.310698e+04    2.694319e+09    1.318176e+09
1.464486e+08    1.281028e+04    2.697902e+09    1.309675e+09
1.480365e+08    1.252034e+04    2.701479e+09    1.301220e+09
1.496416e+08    1.223700e+04    2.705052e+09    1.292808e+09
1.512640e+08    1.196012e+04    2.708621e+09    1.284441e+09
1.529041e+08    1.168954e+04    2.712186e+09    1.276117e+09
1.545620e+08    1.142512e+04    2.715746e+09    1.267836e+09
1.562378e+08    1.116671e+04    2.719302e+09    1.259596e+09
1.579318e+08    1.091419e+04    2.722853e+09    1.251398e+09
1.596442e+08    1.066742e+04    2.726400e+09    1.243241e+09
1.613751e+08    1.042626e+04    2.729943e+09    1.235124e+09
1.631248e+08    1.019058e+04    2.733481e+09    1.227047e+09
1.648935e+08    9.960263e+03    2.737015e+09    1.219009e+09
1.666813e+08    9.735181e+03    2.740546e+09    1.211009e+09
1.684886e+08    9.515215e+03    2.744072e+09    1.203046e+09
1.703154e+08    9.300249e+03    2.747594e+09    1.195121e+09
1.721620e+08    9.090169e+03    2.751112e+09    1.187233e+09
1.740287e+08    8.884862e+03    2.754625e+09    1.179381e+09
1.759156e+08    8.684220e+03    2.758135e+09    1.171565e+09
1.778229e+08    8.488137e+03    2.761639e+09    1.163785e+09
1.797510e+08    8.296507e+03    2.765139e+09    1.156039e+09
1.816999e+08    8.109229e+03    2.768635e+09    1.148328e+09
1.836700e+08    7.926205e+03    2.772127e+09    1.140651e+09
1.856614e+08    7.747336e+03    2.775614e+09    1.133008e+09
1.876744e+08    7.572528e+03    2.779096e+09    1.125397e+09
1.897093e+08    7.401687e+03    2.782575e+09    1.117818e+09
1.917662e+08    7.234722e+03    2.786049e+09    1.110272e+09
1.938454e+08    7.071548e+03    2.789518e+09    1.102757e+09
1.959472e+08    6.912076e+03    2.792982e+09    1.095273e+09
1.980717e+08    6.756222e+03    2.796442e+09    1.087820e+09
2.002193e+08    6.603903e+03    2.799897e+09    1.080398e+09
2.023902e+08    6.455041e+03    2.803346e+09    1.073006e+09
2.045846e+08    6.309555e+03    2.806791e+09    1.065644e+09
2.068028e+08    6.167369e+03    2.810230e+09    1.058312e+09
2.090450e+08    6.028407e+03    2.813665e+09    1.051009e+09
2.113116e+08    5.892597e+03    2.817093e+09    1.043735e+09
2.136027e+08    5.759866e+03    2.820516e+09    1.036490e+09
2.159187e+08    5.630146e+03    2.823933e+09    1.029274e+09
2.182598e+08    5.503366e+03    2.827344e+09    1.022087e+09
2.206262e+08    5.379462e+03    2.830748e+09    1.014929e+09
2.230184e+08    5.258367e+03    2.834146e+09    1.007799e+09
2.254364e+08    5.140018e+03    2.837537e+09    1.000698e+09
2.278807e+08    5.024352e+03    2.840921e+09    9.936253e+08
2.303515e+08    4.911308e+03    2.844297e+09    9.865809e+08
2.328491e+08    4.800827e+03    2.847667e+09    9.795652e+08
2.353737e+08    4.692852e+03    2.851028e+09    9.725786e+08
2.379257e+08    4.587325e+03    2.854380e+09    9.656214e+08
2.405054e+08    4.484191e+03    2.857724e+09    9.586936e+08
2.431131e+08    4.383396e+03    2.861058e+09    9.517956e+08
2.457490e+08    4.284887e+03    2.864383e+09    9.449276e+08
2.484136e+08    4.188611e+03    2.867698e+09    9.380895e+08
2.511070e+08    4.094519e+03    2.871003e+09    9.312819e+08
2.538296e+08    4.002560e+03    2.874297e+09    9.245047e+08
2.565817e+08    3.912686e+03    2.877581e+09    9.177586e+08
2.593637e+08    3.824851e+03    2.880853e+09    9.110435e+08
2.621758e+08    3.739006e+03    2.884114e+09    9.043602e+08
2.650184e+08    3.655109e+03    2.887363e+09    8.977096e+08
2.678919e+08    3.573115e+03    2.890598e+09    8.910925e+08
2.707965e+08    3.492980e+03    2.893820e+09    8.845085e+08
2.737326e+08    3.414663e+03    2.897029e+09    8.779587e+08
2.767005e+08    3.338123e+03    2.900223e+09    8.714435e+08
2.797006e+08    3.263319e+03    2.903403e+09    8.649627e+08
2.827333e+08    3.190211e+03    2.906567e+09    8.585199e+08
2.857988e+08    3.118759e+03    2.909721e+09    8.521013e+08
2.888975e+08    3.048936e+03    2.912840e+09    8.457697e+08
2.920299e+08    2.980657e+03    2.916023e+09    8.392595e+08
2.951962e+08    2.914105e+03    2.918855e+09    8.336474e+08
2.983969e+08    2.848258e+03    2.923616e+09    8.232292e+08
