1.206529e+06    9.421737e+11    5.854524e+05    6.236030e+10
1.219611e+06    8.171065e+11    8.590945e+06    6.119130e+10
1.232834e+06    7.082310e+11    3.724666e+06    6.040785e+10
1.246202e+06    6.155036e+11    5.862350e+06    5.979059e+10
1.259714e+06    5.362173e+11    6.676676e+06    5.923327e+10
1.273372e+06    4.687906e+11    7.688672e+06    5.872592e+10
1.287179e+06    4.114565e+11    8.703053e+06    5.825507e+10
1.301135e+06    3.626350e+11    9.769055e+06    5.781331e+10
1.315242e+06    3.209526e+11    1.088241e+07    5.739526e+10
1.329503e+06    2.852462e+11    1.204560e+07    5.699699e+10
1.343918e+06    2.545431e+11    1.325865e+07    5.661550e+10
1.358490e+06    2.280355e+11    1.452126e+07    5.624843e+10
1.373219e+06    2.050550e+11    1.583272e+07    5.589390e+10
1.388108e+06    1.850489e+11    1.719204e+07    5.555036e+10
1.403159e+06    1.675597e+11    1.859808e+07    5.521652e+10
1.418373e+06    1.522085e+11    2.004960e+07    5.489132e+10
1.433752e+06    1.386803e+11    2.154531e+07    5.457383e+10
1.449297e+06    1.267127e+11    2.308396e+07    5.426326e+10
1.465011e+06    1.160863e+11    2.466433e+07    5.395893e+10
1.480896e+06    1.066168e+11    2.628533e+07    5.366022e+10
1.496952e+06    9.814924e+10    2.794593e+07    5.336661e+10
1.513183e+06    9.055269e+10    2.964522e+07    5.307761e+10
1.529590e+06    8.371597e+10    3.138245e+07    5.279278e+10
1.546174e+06    7.754450e+10    3.315704e+07    5.251174e+10
1.562939e+06    7.195747e+10    3.496843e+07    5.223410e+10
1.579885e+06    6.688563e+10    3.681641e+07    5.195954e+10
1.597015e+06    6.226939e+10    3.870082e+07    5.168775e+10
1.614330e+06    5.805735e+10    4.062039e+07    5.141843e+10
1.631834e+06    5.420526e+10    4.258466e+07    5.115129e+10
1.649527e+06    5.067358e+10    4.456812e+07    5.088613e+10
1.667412e+06    4.742859e+10    4.660426e+07    5.062255e+10
1.685491e+06    4.444153e+10    4.867377e+07    5.036045e+10
1.703766e+06    4.168657e+10    5.078190e+07    5.009954e+10
1.722239e+06    3.914100e+10    5.292881e+07    4.983963e+10
1.740912e+06    3.678483e+10    5.511566e+07    4.958048e+10
1.759788e+06    3.460038e+10    5.734341e+07    4.932189e+10
1.778869e+06    3.257200e+10    5.961304e+07    4.906367e+10
1.798156e+06    3.068578e+10    6.192566e+07    4.880561e+10
1.817653e+06    2.892937e+10    6.428233e+07    4.854754e+10
1.837361e+06    2.729172e+10    6.668425e+07    4.828927e+10
1.857282e+06    2.576295e+10    6.913257e+07    4.803066e+10
1.877420e+06    2.433422e+10    7.162848e+07    4.777150e+10
1.897776e+06    2.299756e+10    7.417314e+07    4.751169e+10
1.918352e+06    2.174581e+10    7.676775e+07    4.725105e+10
1.939152e+06    2.057250e+10    7.941341e+07    4.698947e+10
1.960178e+06    1.947176e+10    8.211122e+07    4.672681e+10
1.981431e+06    1.843830e+10    8.486218e+07    4.646298e+10
2.002914e+06    1.746727e+10    8.766732e+07    4.619787e+10
2.024631e+06    1.655429e+10    9.052742e+07    4.593140e+10
2.046583e+06    1.569533e+10    9.344337e+07    4.566349e+10
2.068773e+06    1.488674e+10    9.641577e+07    4.539409e+10
2.091204e+06    1.412513e+10    9.944526e+07    4.512317e+10
2.113878e+06    1.340742e+10    1.025322e+08    4.485067e+10
2.136798e+06    1.273075e+10    1.056771e+08    4.457660e+10
2.159966e+06    1.209251e+10    1.088800e+08    4.430094e+10
2.183385e+06    1.149025e+10    1.121411e+08    4.402373e+10
2.207058e+06    1.092173e+10    1.154602e+08    4.374496e+10
2.230988e+06    1.038487e+10    1.188372e+08    4.346470e+10
2.255178e+06    9.877721e+09    1.222719e+08    4.318296e+10
2.279630e+06    9.398493e+09    1.257637e+08    4.289983e+10
2.304347e+06    8.945494e+09    1.293121e+08    4.261539e+10
2.329332e+06    8.517162e+09    1.329165e+08    4.232967e+10
2.354588e+06    8.112032e+09    1.365760e+08    4.204282e+10
2.380117e+06    7.728731e+09    1.402898e+08    4.175488e+10
2.405924e+06    7.365983e+09    1.440568e+08    4.146598e+10
2.432010e+06    7.022579e+09    1.478761e+08    4.117622e+10
2.458379e+06    6.697402e+09    1.517465e+08    4.088569e+10
2.485034e+06    6.389390e+09    1.556668e+08    4.059453e+10
2.511978e+06    6.097552e+09    1.596358e+08    4.030283e+10
2.539214e+06    5.820962e+09    1.636521e+08    4.001072e+10
2.566745e+06    5.558739e+09    1.677144e+08    3.971830e+10
2.594575e+06    5.310070e+09    1.718213e+08    3.942568e+10
2.622706e+06    5.074175e+09    1.759714e+08    3.913300e+10
2.651143e+06    4.850333e+09    1.801634e+08    3.884034e+10
2.679888e+06    4.637862e+09    1.843958e+08    3.854782e+10
2.708945e+06    4.436117e+09    1.886672e+08    3.825555e+10
2.738317e+06    4.244500e+09    1.929761e+08    3.796362e+10
2.768007e+06    4.062439e+09    1.973212e+08    3.767215e+10
2.798019e+06    3.889402e+09    2.017012e+08    3.738121e+10
2.828356e+06    3.724889e+09    2.061146e+08    3.709091e+10
2.859023e+06    3.568425e+09    2.105602e+08    3.680134e+10
2.890022e+06    3.419568e+09    2.150367e+08    3.651256e+10
2.921357e+06    3.277900e+09    2.195426e+08    3.622468e+10
2.953032e+06    3.143027e+09    2.240771e+08    3.593775e+10
2.985050e+06    3.014581e+09    2.286386e+08    3.565184e+10
3.017415e+06    2.892213e+09    2.332261e+08    3.536705e+10
3.050131e+06    2.775595e+09    2.378387e+08    3.508340e+10
3.083202e+06    2.664421e+09    2.424750e+08    3.480098e+10
3.116632e+06    2.558399e+09    2.471340e+08    3.451984e+10
3.150424e+06    2.457255e+09    2.518151e+08    3.424002e+10
3.184582e+06    2.360736e+09    2.565169e+08    3.396157e+10
3.219111e+06    2.268595e+09    2.612387e+08    3.368456e+10
3.254014e+06    2.180606e+09    2.659797e+08    3.340899e+10
3.289296e+06    2.096556e+09    2.707390e+08    3.313493e+10
3.324960e+06    2.016240e+09    2.755158e+08    3.286241e+10
3.361011e+06    1.939466e+09    2.803096e+08    3.259145e+10
3.397452e+06    1.866058e+09    2.851193e+08    3.232209e+10
3.434289e+06    1.795843e+09    2.899444e+08    3.205436e+10
3.471526e+06    1.728662e+09    2.947847e+08    3.178827e+10
3.509166e+06    1.664364e+09    2.996389e+08    3.152385e+10
3.547214e+06    1.602806e+09    3.045069e+08    3.126113e+10
3.585674e+06    1.543854e+09    3.093882e+08    3.100012e+10
3.624552e+06    1.487381e+09    3.142820e+08    3.074083e+10
3.663851e+06    1.433266e+09    3.191881e+08    3.048329e+10
3.703576e+06    1.381395e+09    3.241061e+08    3.022749e+10
3.743732e+06    1.331664e+09    3.290354e+08    2.997347e+10
3.784323e+06    1.283968e+09    3.339757e+08    2.972121e+10
3.825354e+06    1.238212e+09    3.389268e+08    2.947074e+10
3.866831e+06    1.194306e+09    3.438883e+08    2.922205e+10
3.908757e+06    1.152164e+09    3.488596e+08    2.897516e+10
3.951138e+06    1.111703e+09    3.538410e+08    2.873006e+10
3.993978e+06    1.072848e+09    3.588319e+08    2.848675e+10
4.037282e+06    1.035525e+09    3.638319e+08    2.824527e+10
4.081056e+06    9.996636e+08    3.688411e+08    2.800557e+10
4.125305e+06    9.651997e+08    3.738593e+08    2.776768e+10
4.170034e+06    9.320711e+08    3.788860e+08    2.753160e+10
4.215248e+06    9.002177e+08    3.839212e+08    2.729731e+10
4.260951e+06    8.695835e+08    3.889651e+08    2.706483e+10
4.307150e+06    8.401162e+08    3.940170e+08    2.683414e+10
4.353850e+06    8.117641e+08    3.990769e+08    2.660524e+10
4.401057e+06    7.844792e+08    4.041451e+08    2.637813e+10
4.448775e+06    7.582163e+08    4.092211e+08    2.615280e+10
4.497010e+06    7.329318e+08    4.143047e+08    2.592926e+10
4.545770e+06    7.085839e+08    4.193962e+08    2.570749e+10
4.595057e+06    6.851332e+08    4.244955e+08    2.548747e+10
4.644879e+06    6.625432e+08    4.296021e+08    2.526923e+10
4.695241e+06    6.407772e+08    4.347163e+08    2.505274e+10
4.746148e+06    6.198012e+08    4.398382e+08    2.483799e+10
4.797608e+06    5.995835e+08    4.449674e+08    2.462498e+10
4.849626e+06    5.800929e+08    4.501038e+08    2.441370e+10
4.902209e+06    5.612997e+08    4.552478e+08    2.420414e+10
4.955360e+06    5.431760e+08    4.603993e+08    2.399630e+10
5.009088e+06    5.256954e+08    4.655578e+08    2.379017e+10
5.063400e+06    5.088317e+08    4.707237e+08    2.358573e+10
5.118300e+06    4.925605e+08    4.758972e+08    2.338297e+10
5.173794e+06    4.768591e+08    4.810777e+08    2.318190e+10
5.229891e+06    4.617050e+08    4.862653e+08    2.298250e+10
5.286596e+06    4.470764e+08    4.914605e+08    2.278475e+10
5.343916e+06    4.329533e+08    4.966631e+08    2.258865e+10
5.401857e+06    4.193166e+08    5.018727e+08    2.239420e+10
5.460426e+06    4.061473e+08    5.070895e+08    2.220138e+10
5.519631e+06    3.934274e+08    5.123140e+08    2.201017e+10
5.579478e+06    3.811403e+08    5.175455e+08    2.182058e+10
5.639973e+06    3.692697e+08    5.227842e+08    2.163259e+10
5.701124e+06    3.577996e+08    5.280302e+08    2.144618e+10
5.762938e+06    3.467152e+08    5.332839e+08    2.126135e+10
5.825422e+06    3.360024e+08    5.385446e+08    2.107810e+10
5.888584e+06    3.256474e+08    5.438124e+08    2.089640e+10
5.952431e+06    3.156367e+08    5.490879e+08    2.071625e+10
6.016970e+06    3.059580e+08    5.543708e+08    2.053764e+10
6.082209e+06    2.965993e+08    5.596607e+08    2.036055e+10
6.148155e+06    2.875487e+08    5.649578e+08    2.018499e+10
6.214816e+06    2.787951e+08    5.702627e+08    2.001092e+10
6.282200e+06    2.703281e+08    5.755748e+08    1.983835e+10
6.350315e+06    2.621373e+08    5.808940e+08    1.966727e+10
6.419168e+06    2.542128e+08    5.862205e+08    1.949766e+10
6.488768e+06    2.465450e+08    5.915548e+08    1.932952e+10
6.559122e+06    2.391251e+08    5.968961e+08    1.916282e+10
6.630238e+06    2.319444e+08    6.022444e+08    1.899758e+10
6.702126e+06    2.249942e+08    6.076003e+08    1.883375e+10
6.774794e+06    2.182666e+08    6.129638e+08    1.867135e+10
6.848250e+06    2.117540e+08    6.183342e+08    1.851037e+10
6.922502e+06    2.054489e+08    6.237116e+08    1.835078e+10
6.997559e+06    1.993439e+08    6.290967e+08    1.819258e+10
7.073430e+06    1.934323e+08    6.344891e+08    1.803576e+10
7.150123e+06    1.877076e+08    6.398884e+08    1.788031e+10
7.227648e+06    1.821632e+08    6.452947e+08    1.772622e+10
7.306013e+06    1.767930e+08    6.507085e+08    1.757347e+10
7.385228e+06    1.715911e+08    6.561296e+08    1.742206e+10
7.465302e+06    1.665520e+08    6.615573e+08    1.727198e+10
7.546244e+06    1.616700e+08    6.669921e+08    1.712322e+10
7.628064e+06    1.569398e+08    6.724343e+08    1.697576e+10
7.710770e+06    1.523564e+08    6.778834e+08    1.682959e+10
7.794374e+06    1.479150e+08    6.833391e+08    1.668472e+10
7.878885e+06    1.436108e+08    6.888017e+08    1.654112e+10
7.964312e+06    1.394392e+08    6.942717e+08    1.639878e+10
8.050664e+06    1.353958e+08    6.997482e+08    1.625770e+10
8.137953e+06    1.314766e+08    7.052311e+08    1.611787e+10
8.226188e+06    1.276773e+08    7.107209e+08    1.597927e+10
8.315380e+06    1.239939e+08    7.162177e+08    1.584189e+10
8.405540e+06    1.204229e+08    7.217210e+08    1.570573e+10
8.496677e+06    1.169605e+08    7.272303e+08    1.557078e+10
8.588801e+06    1.136032e+08    7.327463e+08    1.543702e+10
8.681925e+06    1.103474e+08    7.382692e+08    1.530445e+10
8.776059e+06    1.071901e+08    7.437981e+08    1.517305e+10
8.871213e+06    1.041281e+08    7.493329e+08    1.504283e+10
8.967399e+06    1.011582e+08    7.548740e+08    1.491376e+10
9.064627e+06    9.827744e+07    7.604218e+08    1.478583e+10
9.162910e+06    9.548310e+07    7.659754e+08    1.465905e+10
9.262259e+06    9.277242e+07    7.715345e+08    1.453339e+10
9.362684e+06    9.014265e+07    7.770997e+08    1.440885e+10
9.464199e+06    8.759122e+07    7.826712e+08    1.428542e+10
9.566814e+06    8.511575e+07    7.882481e+08    1.416310e+10
9.670541e+06    8.271382e+07    7.938302e+08    1.404186e+10
9.775393e+06    8.038306e+07    7.994182e+08    1.392171e+10
9.881383e+06    7.812123e+07    8.050121e+08    1.380263e+10
9.988522e+06    7.592624e+07    8.106110e+08    1.368461e+10
1.009682e+07    7.379600e+07    8.162148e+08    1.356765e+10
1.020630e+07    7.172842e+07    8.218241e+08    1.345174e+10
1.031696e+07    6.972155e+07    8.274390e+08    1.333686e+10
1.042882e+07    6.777358e+07    8.330586e+08    1.322301e+10
1.054189e+07    6.588268e+07    8.386826e+08    1.311018e+10
1.065619e+07    6.404702e+07    8.443117e+08    1.299836e+10
1.077173e+07    6.226490e+07    8.499460e+08    1.288754e+10
1.088852e+07    6.053472e+07    8.555846e+08    1.277772e+10
1.100658e+07    5.885491e+07    8.612274e+08    1.266888e+10
1.112592e+07    5.722384e+07    8.668747e+08    1.256102e+10
1.124655e+07    5.564004e+07    8.725268e+08    1.245412e+10
1.136849e+07    5.410210e+07    8.781830e+08    1.234819e+10
1.149176e+07    5.260864e+07    8.838429e+08    1.224320e+10
1.161635e+07    5.115826e+07    8.895068e+08    1.213916e+10
1.174230e+07    4.974964e+07    8.951752e+08    1.203606e+10
1.186962e+07    4.838154e+07    9.008473e+08    1.193387e+10
1.199832e+07    4.705276e+07    9.065227e+08    1.183261e+10
1.212841e+07    4.576209e+07    9.122015e+08    1.173226e+10
1.225991e+07    4.450836e+07    9.178845e+08    1.163281e+10
1.239284e+07    4.329046e+07    9.235710e+08    1.153426e+10
1.252720e+07    4.210737e+07    9.292604e+08    1.143659e+10
1.266303e+07    4.095800e+07    9.349526e+08    1.133980e+10
1.280033e+07    3.984134e+07    9.406485e+08    1.124388e+10
1.293912e+07    3.875640e+07    9.463478e+08    1.114882e+10
1.307941e+07    3.770229e+07    9.520495e+08    1.105462e+10
1.322122e+07    3.667806e+07    9.577535e+08    1.096126e+10
1.336457e+07    3.568280e+07    9.634609e+08    1.086875e+10
1.350948e+07    3.471565e+07    9.691714e+08    1.077707e+10
1.365595e+07    3.377582e+07    9.748841e+08    1.068621e+10
1.380401e+07    3.286250e+07    9.805987e+08    1.059617e+10
1.395368e+07    3.197486e+07    9.863161e+08    1.050694e+10
1.410498e+07    3.111215e+07    9.920364e+08    1.041851e+10
1.425791e+07    3.027368e+07    9.977587e+08    1.033088e+10
1.441250e+07    2.945872e+07    1.003482e+09    1.024404e+10
1.456876e+07    2.866656e+07    1.009209e+09    1.015797e+10
1.472673e+07    2.789653e+07    1.014938e+09    1.007268e+10
1.488640e+07    2.714800e+07    1.020668e+09    9.988159e+09
1.504781e+07    2.642035e+07    1.026400e+09    9.904398e+09
1.521096e+07    2.571296e+07    1.032134e+09    9.821391e+09
1.537588e+07    2.502522e+07    1.037871e+09    9.739126e+09
1.554260e+07    2.435658e+07    1.043609e+09    9.657599e+09
1.571112e+07    2.370649e+07    1.049349e+09    9.576806e+09
1.588146e+07    2.307441e+07    1.055090e+09    9.496741e+09
1.605366e+07    2.245980e+07    1.060833e+09    9.417391e+09
1.622772e+07    2.186215e+07    1.066579e+09    9.338752e+09
1.640367e+07    2.128100e+07    1.072326e+09    9.260819e+09
1.658152e+07    2.071588e+07    1.078074e+09    9.183588e+09
1.676131e+07    2.016628e+07    1.083825e+09    9.107046e+09
1.694304e+07    1.963178e+07    1.089577e+09    9.031188e+09
1.712674e+07    1.911195e+07    1.095332e+09    8.956009e+09
1.731244e+07    1.860639e+07    1.101087e+09    8.881505e+09
1.750015e+07    1.811465e+07    1.106845e+09    8.807667e+09
1.768989e+07    1.763634e+07    1.112606e+09    8.734486e+09
1.788170e+07    1.717108e+07    1.118368e+09    8.661958e+09
1.807558e+07    1.671853e+07    1.124133e+09    8.590078e+09
1.827156e+07    1.627829e+07    1.129899e+09    8.518840e+09
1.846967e+07    1.585002e+07    1.135669e+09    8.448234e+09
1.866993e+07    1.543336e+07    1.141442e+09    8.378255e+09
1.887235e+07    1.502802e+07    1.147218e+09    8.308899e+09
1.907698e+07    1.463366e+07    1.152995e+09    8.240162e+09
1.928382e+07    1.424996e+07    1.158777e+09    8.172031e+09
1.949290e+07    1.387660e+07    1.164563e+09    8.104502e+09
1.970425e+07    1.351333e+07    1.170353e+09    8.037571e+09
1.991790e+07    1.315985e+07    1.176146e+09    7.971234e+09
2.013385e+07    1.281587e+07    1.181945e+09    7.905481e+09
2.035215e+07    1.248112e+07    1.187749e+09    7.840304e+09
2.057282e+07    1.215535e+07    1.193559e+09    7.775700e+09
2.079588e+07    1.183832e+07    1.199373e+09    7.711664e+09
2.102136e+07    1.152976e+07    1.205195e+09    7.648190e+09
2.124928e+07    1.122942e+07    1.211024e+09    7.585268e+09
2.147968e+07    1.093710e+07    1.216862e+09    7.522894e+09
2.171257e+07    1.065256e+07    1.222707e+09    7.461062e+09
2.194799e+07    1.037558e+07    1.228561e+09    7.399769e+09
2.218596e+07    1.010595e+07    1.234426e+09    7.339003e+09
2.242651e+07    9.843446e+06    1.240304e+09    7.278759e+09
2.266967e+07    9.587889e+06    1.246193e+09    7.219033e+09
2.291546e+07    9.339082e+06    1.252095e+09    7.159819e+09
2.316392e+07    9.096824e+06    1.258011e+09    7.101109e+09
2.341507e+07    8.860924e+06    1.263945e+09    7.042894e+09
2.366895e+07    8.631211e+06    1.269897e+09    6.985169e+09
2.392558e+07    8.407514e+06    1.275868e+09    6.927930e+09
2.418499e+07    8.189660e+06    1.281860e+09    6.871169e+09
2.444722e+07    7.977469e+06    1.287877e+09    6.814875e+09
2.471228e+07    7.770784e+06    1.293921e+09    6.759042e+09
2.498022e+07    7.569454e+06    1.299993e+09    6.703663e+09
2.525107e+07    7.373328e+06    1.306096e+09    6.648733e+09
2.552486e+07    7.182239e+06    1.312236e+09    6.594239e+09
2.580161e+07    6.996040e+06    1.318416e+09    6.540172e+09
2.608136e+07    6.814594e+06    1.324640e+09    6.486523e+09
2.636414e+07    6.637763e+06    1.330912e+09    6.433287e+09
2.665000e+07    6.465400e+06    1.337238e+09    6.380450e+09
2.693895e+07    6.297359e+06    1.343627e+09    6.327995e+09
2.723103e+07    6.133508e+06    1.350086e+09    6.275915e+09
2.752628e+07    5.973720e+06    1.356622e+09    6.224196e+09
2.782473e+07    5.817860e+06    1.363244e+09    6.172824e+09
2.812642e+07    5.665776e+06    1.369969e+09    6.121775e+09
2.843138e+07    5.517337e+06    1.376809e+09    6.071031e+09
2.873965e+07    5.372409e+06    1.383781e+09    6.020573e+09
2.905126e+07    5.230872e+06    1.390901e+09    5.970377e+09
2.936624e+07    5.092536e+06    1.398190e+09    5.920425e+09
2.968464e+07    4.957599e+06    1.405628e+09    5.870694e+09
3.000650e+07    4.825438e+06    1.413101e+09    5.821497e+09
3.033184e+07    4.702140e+06    1.419749e+09    5.773135e+09
3.066071e+07    4.591139e+06    1.422751e+09    5.728560e+09
3.099315e+07    4.481317e+06    1.426468e+09    5.683646e+09
3.132919e+07    4.374786e+06    1.430003e+09    5.639360e+09
3.166888e+07    4.270726e+06    1.433589e+09    5.595399e+09
3.201225e+07    4.169245e+06    1.437148e+09    5.551840e+09
3.235934e+07    4.070215e+06    1.440703e+09    5.508652e+09
3.271019e+07    3.973578e+06    1.444252e+09    5.465831e+09
3.306485e+07    3.879282e+06    1.447793e+09    5.423379e+09
3.342335e+07    3.787272e+06    1.451324e+09    5.381294e+09
3.378574e+07    3.697500e+06    1.454841e+09    5.339576e+09
3.415206e+07    3.609894e+06    1.458352e+09    5.298216e+09
3.452236e+07    3.524396e+06    1.461858e+09    5.257207e+09
3.489666e+07    3.440964e+06    1.465354e+09    5.216551e+09
3.527503e+07    3.359553e+06    1.468840e+09    5.176248e+09
3.565750e+07    3.280122e+06    1.472309e+09    5.136301e+09
3.604411e+07    3.202597e+06    1.475773e+09    5.096692e+09
3.643492e+07    3.126925e+06    1.479236e+09    5.057416e+09
3.682996e+07    3.053082e+06    1.482687e+09    5.018481e+09
3.722929e+07    2.981032e+06    1.486121e+09    4.979890e+09
3.763294e+07    2.910754e+06    1.489527e+09    4.941651e+09
3.804098e+07    2.842148e+06    1.492933e+09    4.903732e+09
3.845343e+07    2.775154e+06    1.496349e+09    4.866119e+09
3.887036e+07    2.709755e+06    1.499764e+09    4.828819e+09
3.929182e+07    2.645913e+06    1.503178e+09    4.791834e+09
3.971783e+07    2.583638e+06    1.506563e+09    4.755187e+09
4.014847e+07    2.522876e+06    1.509927e+09    4.718866e+09
4.058378e+07    2.463574e+06    1.513280e+09    4.682861e+09
4.102380e+07    2.405681e+06    1.516631e+09    4.647157e+09
4.146860e+07    2.349166e+06    1.519979e+09    4.611754e+09
4.191822e+07    2.294011e+06    1.523311e+09    4.576663e+09
4.237272e+07    2.240180e+06    1.526631e+09    4.541875e+09
4.283215e+07    2.187640e+06    1.529940e+09    4.507388e+09
4.329655e+07    2.136350e+06    1.533242e+09    4.473194e+09
4.376599e+07    2.086282e+06    1.536538e+09    4.439292e+09
4.424052e+07    2.037414e+06    1.539820e+09    4.405685e+09
4.472020e+07    1.989714e+06    1.543091e+09    4.372368e+09
4.520508e+07    1.943154e+06    1.546351e+09    4.339339e+09
4.569521e+07    1.897700e+06    1.549604e+09    4.306590e+09
4.619066e+07    1.853327e+06    1.552849e+09    4.274123e+09
4.669148e+07    1.810015e+06    1.556081e+09    4.241937e+09
4.719772e+07    1.767735e+06    1.559302e+09    4.210027e+09
4.770946e+07    1.726462e+06    1.562512e+09    4.178393e+09
4.822675e+07    1.686167e+06    1.565715e+09    4.147027e+09
4.874965e+07    1.646829e+06    1.568909e+09    4.115931e+09
4.927821e+07    1.608429e+06    1.572091e+09    4.085104e+09
4.981251e+07    1.570940e+06    1.575262e+09    4.054541e+09
5.035260e+07    1.534342e+06    1.578423e+09    4.024240e+09
5.089854e+07    1.498609e+06    1.581576e+09    3.994198e+09
5.145041e+07    1.463724e+06    1.584719e+09    3.964413e+09
5.200826e+07    1.429667e+06    1.587850e+09    3.934885e+09
5.257215e+07    1.396417e+06    1.590971e+09    3.905610e+09
5.314216e+07    1.363954e+06    1.594083e+09    3.876585e+09
5.371835e+07    1.332258e+06    1.597185e+09    3.847807e+09
5.430079e+07    1.301311e+06    1.600278e+09    3.819276e+09
5.488954e+07    1.271097e+06    1.603359e+09    3.790990e+09
5.548468e+07    1.241597e+06    1.606430e+09    3.762946e+09
5.608627e+07    1.212793e+06    1.609492e+09    3.735141e+09
5.669438e+07    1.184669e+06    1.612545e+09    3.707572e+09
5.730909e+07    1.157208e+06    1.615587e+09    3.680240e+09
5.793046e+07    1.130394e+06    1.618619e+09    3.653140e+09
5.855857e+07    1.104214e+06    1.621641e+09    3.626273e+09
5.919349e+07    1.078649e+06    1.624653e+09    3.599633e+09
5.983529e+07    1.053686e+06    1.627656e+09    3.573220e+09
6.048406e+07    1.029310e+06    1.630649e+09    3.547032e+09
6.113984e+07    1.005508e+06    1.633632e+09    3.521067e+09
6.180275e+07    9.822659e+05    1.636605e+09    3.495323e+09
6.247284e+07    9.595695e+05    1.639568e+09    3.469797e+09
6.315020e+07    9.374057e+05    1.642522e+09    3.444487e+09
6.383490e+07    9.157624e+05    1.645467e+09    3.419393e+09
6.452703e+07    8.946271e+05    1.648401e+09    3.394511e+09
6.522666e+07    8.739878e+05    1.651325e+09    3.369840e+09
6.593388e+07    8.538319e+05    1.654240e+09    3.345378e+09
6.664876e+07    8.341479e+05    1.657146e+09    3.321122e+09
6.737139e+07    8.149251e+05    1.660043e+09    3.297071e+09
6.810186e+07    7.961525e+05    1.662929e+09    3.273224e+09
6.884026e+07    7.778192e+05    1.665806e+09    3.249578e+09
6.958666e+07    7.599144e+05    1.668674e+09    3.226130e+09
7.034114e+07    7.424278e+05    1.671533e+09    3.202880e+09
7.110382e+07    7.253499e+05    1.674382e+09    3.179826e+09
7.187475e+07    7.086711e+05    1.677222e+09    3.156966e+09
7.265406e+07    6.923816e+05    1.680052e+09    3.134297e+09
7.344180e+07    6.764721e+05    1.682873e+09    3.111819e+09
7.423809e+07    6.609333e+05    1.685686e+09    3.089528e+09
7.504301e+07    6.457569e+05    1.688489e+09    3.067425e+09
7.585666e+07    6.309342e+05    1.691283e+09    3.045506e+09
7.667913e+07    6.164568e+05    1.694067e+09    3.023770e+09
7.751052e+07    6.023162e+05    1.696843e+09    3.002216e+09
7.835093e+07    5.885046e+05    1.699611e+09    2.980841e+09
7.920044e+07    5.750144e+05    1.702369e+09    2.959644e+09
8.005916e+07    5.618378e+05    1.705118e+09    2.938623e+09
8.092720e+07    5.489675e+05    1.707858e+09    2.917777e+09
8.180466e+07    5.363960e+05    1.710590e+09    2.897103e+09
8.269162e+07    5.241163e+05    1.713313e+09    2.876600e+09
8.358819e+07    5.121218e+05    1.716028e+09    2.856268e+09
8.449450e+07    5.004054e+05    1.718733e+09    2.836102e+09
8.541062e+07    4.889609e+05    1.721430e+09    2.816104e+09
8.633668e+07    4.777815e+05    1.724119e+09    2.796270e+09
8.727278e+07    4.668611e+05    1.726799e+09    2.776599e+09
8.821903e+07    4.561937e+05    1.729471e+09    2.757089e+09
8.917554e+07    4.457732e+05    1.732135e+09    2.737740e+09
9.014242e+07    4.355940e+05    1.734790e+09    2.718548e+09
9.111978e+07    4.256501e+05    1.737437e+09    2.699513e+09
9.210775e+07    4.159360e+05    1.740076e+09    2.680634e+09
9.310642e+07    4.064466e+05    1.742707e+09    2.661908e+09
9.411592e+07    3.971764e+05    1.745329e+09    2.643335e+09
9.513636e+07    3.881204e+05    1.747943e+09    2.624912e+09
9.616787e+07    3.792733e+05    1.750550e+09    2.606638e+09
9.721058e+07    3.706304e+05    1.753149e+09    2.588513e+09
9.826458e+07    3.621869e+05    1.755740e+09    2.570533e+09
9.933000e+07    3.539382e+05    1.758323e+09    2.552698e+09
1.004070e+08    3.458796e+05    1.760898e+09    2.535007e+09
1.014956e+08    3.380066e+05    1.763465e+09    2.517458e+09
1.025961e+08    3.303149e+05    1.766025e+09    2.500049e+09
1.037085e+08    3.228003e+05    1.768578e+09    2.482779e+09
1.048329e+08    3.154588e+05    1.771122e+09    2.465647e+09
1.059696e+08    3.082861e+05    1.773659e+09    2.448651e+09
1.071186e+08    3.012784e+05    1.776189e+09    2.431790e+09
1.082800e+08    2.944317e+05    1.778712e+09    2.415062e+09
1.094540e+08    2.877424e+05    1.781227e+09    2.398467e+09
1.106408e+08    2.812068e+05    1.783735e+09    2.382002e+09
1.118404e+08    2.748213e+05    1.786236e+09    2.365666e+09
1.130530e+08    2.685824e+05    1.788730e+09    2.349459e+09
1.142788e+08    2.624867e+05    1.791217e+09    2.333379e+09
1.155178e+08    2.565308e+05    1.793696e+09    2.317424e+09
1.167703e+08    2.507115e+05    1.796169e+09    2.301593e+09
1.180364e+08    2.450257e+05    1.798634e+09    2.285885e+09
1.193162e+08    2.394701e+05    1.801093e+09    2.270299e+09
1.206099e+08    2.340418e+05    1.803545e+09    2.254833e+09
1.219176e+08    2.287378e+05    1.805991e+09    2.239486e+09
1.232395e+08    2.235553e+05    1.808429e+09    2.224257e+09
1.245757e+08    2.184915e+05    1.810861e+09    2.209144e+09
1.259264e+08    2.135434e+05    1.813286e+09    2.194147e+09
1.272917e+08    2.087086e+05    1.815705e+09    2.179263e+09
1.286719e+08    2.039842e+05    1.818118e+09    2.164492e+09
1.300670e+08    1.993679e+05    1.820524e+09    2.149833e+09
1.314773e+08    1.948571e+05    1.822924e+09    2.135284e+09
1.329028e+08    1.904493e+05    1.825318e+09    2.120844e+09
1.343438e+08    1.861421e+05    1.827705e+09    2.106512e+09
1.358004e+08    1.819333e+05    1.830086e+09    2.092287e+09
1.372728e+08    1.778206e+05    1.832461e+09    2.078167e+09
1.387612e+08    1.738017e+05    1.834830e+09    2.064152e+09
1.402657e+08    1.698745e+05    1.837193e+09    2.050240e+09
1.417865e+08    1.660368e+05    1.839550e+09    2.036431e+09
1.433238e+08    1.622867e+05    1.841901e+09    2.022722e+09
1.448778e+08    1.586219e+05    1.844246e+09    2.009114e+09
1.464486e+08    1.550407e+05    1.846585e+09    1.995604e+09
1.480365e+08    1.515411e+05    1.848919e+09    1.982191e+09
1.496416e+08    1.481211e+05    1.851246e+09    1.968876e+09
1.512640e+08    1.447790e+05    1.853569e+09    1.955655e+09
1.529041e+08    1.415129e+05    1.855885e+09    1.942529e+09
1.545620e+08    1.383212e+05    1.858196e+09    1.929495e+09
1.562378e+08    1.352020e+05    1.860502e+09    1.916554e+09
1.579318e+08    1.321538e+05    1.862803e+09    1.903703e+09
1.596442e+08    1.291748e+05    1.865098e+09    1.890942e+09
1.613751e+08    1.262635e+05    1.867388e+09    1.878270e+09
1.631248e+08    1.234184e+05    1.869672e+09    1.865686e+09
1.648935e+08    1.206380e+05    1.871951e+09    1.853188e+09
1.666813e+08    1.179206e+05    1.874225e+09    1.840776e+09
1.684886e+08    1.152650e+05    1.876494e+09    1.828450e+09
1.703154e+08    1.126696e+05    1.878757e+09    1.816206e+09
1.721620e+08    1.101332e+05    1.881016e+09    1.804046e+09
1.740287e+08    1.076543e+05    1.883269e+09    1.791966e+09
1.759156e+08    1.052316e+05    1.885518e+09    1.779968e+09
1.778229e+08    1.028638e+05    1.887762e+09    1.768048e+09
1.797510e+08    1.005497e+05    1.890001e+09    1.756207e+09
1.816999e+08    9.828808e+04    1.892235e+09    1.744444e+09
1.836700e+08    9.607768e+04    1.894464e+09    1.732757e+09
1.856614e+08    9.391735e+04    1.896689e+09    1.721146e+09
1.876744e+08    9.180594e+04    1.898909e+09    1.709609e+09
1.897093e+08    8.974234e+04    1.901125e+09    1.698145e+09
1.917662e+08    8.772545e+04    1.903336e+09    1.686753e+09
1.938454e+08    8.575421e+04    1.905542e+09    1.675433e+09
1.959472e+08    8.382757e+04    1.907745e+09    1.664184e+09
1.980717e+08    8.194452e+04    1.909942e+09    1.653004e+09
2.002193e+08    8.010406e+04    1.912135e+09    1.641893e+09
2.023902e+08    7.830523e+04    1.914324e+09    1.630851e+09
2.045846e+08    7.654706e+04    1.916508e+09    1.619875e+09
2.068028e+08    7.482864e+04    1.918688e+09    1.608965e+09
2.090450e+08    7.314905e+04    1.920864e+09    1.598120e+09
2.113116e+08    7.150741e+04    1.923035e+09    1.587340e+09
2.136027e+08    6.990285e+04    1.925203e+09    1.576622e+09
2.159187e+08    6.833453e+04    1.927366e+09    1.565966e+09
2.182598e+08    6.680162e+04    1.929525e+09    1.555372e+09
2.206262e+08    6.530332e+04    1.931680e+09    1.544839e+09
2.230184e+08    6.383884e+04    1.933831e+09    1.534365e+09
2.254364e+08    6.240741e+04    1.935978e+09    1.523949e+09
2.278807e+08    6.100827e+04    1.938121e+09    1.513592e+09
2.303515e+08    5.964070e+04    1.940260e+09    1.503291e+09
2.328491e+08    5.830396e+04    1.942395e+09    1.493047e+09
2.353737e+08    5.699738e+04    1.944526e+09    1.482858e+09
2.379257e+08    5.572026e+04    1.946654e+09    1.472723e+09
2.405054e+08    5.447192e+04    1.948777e+09    1.462642e+09
2.431131e+08    5.325173e+04    1.950896e+09    1.452615e+09
2.457490e+08    5.205903e+04    1.953012e+09    1.442639e+09
2.484136e+08    5.089321e+04    1.955123e+09    1.432716e+09
2.511070e+08    4.975365e+04    1.957231e+09    1.422843e+09
2.538296e+08    4.863977e+04    1.959334e+09    1.413019e+09
2.565817e+08    4.755096e+04    1.961434e+09    1.403245e+09
2.593637e+08    4.648668e+04    1.963530e+09    1.393519e+09
2.621758e+08    4.544635e+04    1.965622e+09    1.383841e+09
2.650184e+08    4.442945e+04    1.967711e+09    1.374210e+09
2.678919e+08    4.343544e+04    1.969795e+09    1.364626e+09
2.707965e+08    4.246381e+04    1.971875e+09    1.355088e+09
2.737326e+08    4.151404e+04    1.973951e+09    1.345595e+09
2.767005e+08    4.058564e+04    1.976023e+09    1.336147e+09
2.797006e+08    3.967813e+04    1.978090e+09    1.326743e+09
2.827333e+08    3.879104e+04    1.980154e+09    1.317387e+09
2.857988e+08    3.792389e+04    1.982215e+09    1.308052e+09
2.888975e+08    3.707631e+04    1.984262e+09    1.298851e+09
2.920299e+08    3.624740e+04    1.986353e+09    1.289304e+09
2.951962e+08    3.543902e+04    1.988230e+09    1.281352e+09
2.983969e+08    3.463995e+04    1.991351e+09    1.264662e+09
